data/gps2f_nb_force_rot_X.grd
DSAA
361 181
-180 180
-90 90
-2.102955e-08 2.164204e-08
[rows 46 to 68 of 181, columns 0 to 50 of 361]
1.388662e-08 1.458347e-08 1.311095e-08 1.354568e-08 1.475221e-08 1.336212e-08 1.364092e-08 1.381241e-08 1.450035e-08 1.345266e-08 1.376754e-08 1.396875e-08 1.393187e-08 1.403577e-08 1.446893e-08 1.374664e-08 1.306809e-08 1.412976e-08 1.329205e-08 1.473580e-08 1.417292e-08 1.406187e-08 1.372744e-08 1.287375e-08 1.390201e-08 1.357190e-08 1.342003e-08 1.282596e-08 1.310716e-08 1.317687e-08 1.332258e-08 1.280520e-08 1.233129e-08 1.247853e-08 1.288096e-08 1.177936e-08 1.178006e-08 1.202979e-08 1.169395e-08 1.126489e-08 1.158498e-08 1.134239e-08 1.071275e-08 1.093740e-08 1.069455e-08 1.034074e-08 1.046564e-08 1.020594e-08 9.717852e-09 9.614173e-09 9.152701e-09
1.311170e-08 1.382216e-08 1.527067e-08 1.523010e-08 1.398469e-08 1.336900e-08 1.428565e-08 1.513469e-08 1.465889e-08 1.501916e-08 1.466999e-08 1.406021e-08 1.456783e-08 1.462027e-08 1.469181e-08 1.433753e-08 1.423822e-08 1.390148e-08 1.450870e-08 1.319278e-08 1.346213e-08 1.370930e-08 1.319482e-08 1.409615e-08 1.433034e-08 1.346125e-08 1.427926e-08 1.395515e-08 1.305224e-08 1.303149e-08 1.281315e-08 1.275661e-08 1.289410e-08 1.254774e-08 1.220751e-08 1.248809e-08 1.222560e-08 1.202612e-08 1.199428e-08 1.197452e-08 1.162566e-08 1.216499e-08 1.183326e-08 1.095624e-08 1.105754e-08 1.137767e-08 1.041587e-08 9.920208e-09 1.026082e-08 9.840126e-09 9.383597e-09
1.537601e-08 1.465865e-08 1.462924e-08 1.448853e-08 1.497012e-08 1.500816e-08 1.445359e-08 1.429135e-08 1.458415e-08 1.476449e-08 1.407935e-08 1.436421e-08 1.552904e-08 1.445864e-08 1.448049e-08 1.488011e-08 1.491899e-08 1.434754e-08 1.447263e-08 1.412442e-08 1.392876e-08 1.438428e-08 1.410525e-08 1.425120e-08 1.439942e-08 1.430566e-08 1.398257e-08 1.440343e-08 1.318748e-08 1.347492e-08 1.309971e-08 1.306285e-08 1.275851e-08 1.319860e-08 1.290606e-08 1.276454e-08 1.267811e-08 1.273093e-08 1.208975e-08 1.188991e-08 1.224373e-08 1.201308e-08 1.122661e-08 1.125629e-08 1.103140e-08 1.058234e-08 1.135249e-08 1.040269e-08 1.069919e-08 1.032349e-08 1.027085e-08
1.412019e-08 1.494208e-08 1.547611e-08 1.502119e-08 1.472468e-08 1.418162e-08 1.387783e-08 1.460365e-08 1.468308e-08 1.479055e-08 1.464817e-08 1.424105e-08 1.529579e-08 1.432235e-08 1.429617e-08 1.401300e-08 1.480611e-08 1.486012e-08 1.559665e-08 1.507927e-08 1.453371e-08 1.408324e-08 1.451459e-08 1.466078e-08 1.488047e-08 1.469393e-08 1.399745e-08 1.429143e-08 1.410634e-08 1.353548e-08 1.320115e-08 1.335672e-08 1.376193e-08 1.376334e-08 1.318915e-08 1.327076e-08 1.290384e-08 1.245546e-08 1.323359e-08 1.185120e-08 1.165276e-08 1.281380e-08 1.260306e-08 1.121039e-08 1.120380e-08 1.111065e-08 1.110367e-08 1.094638e-08 1.051615e-08 1.054036e-08 1.036577e-08
1.477630e-08 1.560498e-08 1.477175e-08 1.529059e-08 1.529236e-08 1.575762e-08 1.561652e-08 1.577472e-08 1.414926e-08 1.580204e-08 1.527971e-08 1.502566e-08 1.490984e-08 1.573857e-08 1.490764e-08 1.448891e-08 1.506991e-08 1.520470e-08 1.552298e-08 1.521799e-08 1.425356e-08 1.412277e-08 1.507345e-08 1.428781e-08 1.514784e-08 1.474972e-08 1.414225e-08 1.501981e-08 1.411644e-08 1.373274e-08 1.399384e-08 1.353053e-08 1.388181e-08 1.358547e-08 1.429067e-08 1.293106e-08 1.351709e-08 1.272514e-08 1.204786e-08 1.274045e-08 1.270816e-08 1.162202e-08 1.153166e-08 1.237260e-08 1.188206e-08 1.213000e-08 1.177173e-08 1.108393e-08 1.104442e-08 1.105025e-08 1.028831e-08
1.440376e-08 1.506035e-08 1.502796e-08 1.450058e-08 1.579361e-08 1.538563e-08 1.610910e-08 1.513845e-08 1.475401e-08 1.464591e-08 1.514891e-08 1.482811e-08 1.531443e-08 1.460952e-08 1.603322e-08 1.483245e-08 1.563126e-08 1.513293e-08 1.519669e-08 1.480486e-08 1.478993e-08 1.403914e-08 1.475545e-08 1.505794e-08 1.487314e-08 1.506292e-08 1.444466e-08 1.521577e-08 1.448970e-08 1.378026e-08 1.469844e-08 1.379212e-08 1.409266e-08 1.388890e-08 1.324527e-08 1.394810e-08 1.368711e-08 1.313548e-08 1.275143e-08 1.289603e-08 1.211879e-08 1.202271e-08 1.197847e-08 1.275571e-08 1.197038e-08 1.156795e-08 1.118388e-08 1.134748e-08 1.117284e-08 1.028800e-08 1.040222e-08
1.519935e-08 1.652997e-08 1.529351e-08 1.621563e-08 1.587217e-08 1.636187e-08 1.509083e-08 1.523819e-08 1.580097e-08 1.556878e-08 1.604426e-08 1.539914e-08 1.564539e-08 1.499942e-08 1.595897e-08 1.571187e-08 1.490200e-08 1.523098e-08 1.540651e-08 1.455313e-08 1.567962e-08 1.533226e-08 1.477769e-08 1.503071e-08 1.433802e-08 1.454069e-08 1.454543e-08 1.573145e-08 1.480024e-08 1.483637e-08 1.424624e-08 1.480090e-08 1.445709e-08 1.415887e-08 1.400192e-08 1.376219e-08 1.366880e-08 1.314112e-08 1.289973e-08 1.285421e-08 1.369891e-08 1.232736e-08 1.226808e-08 1.252406e-08 1.135561e-08 1.120781e-08 1.109204e-08 1.155546e-08 1.104562e-08 1.064639e-08 1.074644e-08
1.533934e-08 1.466090e-08 1.475653e-08 1.508417e-08 1.578251e-08 1.561854e-08 1.591961e-08 1.491230e-08 1.600895e-08 1.463371e-08 1.582200e-08 1.515414e-08 1.613408e-08 1.469291e-08 1.574045e-08 1.551437e-08 1.568399e-08 1.552688e-08 1.480150e-08 1.559197e-08 1.618803e-08 1.602192e-08 1.574905e-08 1.613497e-08 1.556025e-08 1.592526e-08 1.536451e-08 1.558267e-08 1.447227e-08 1.429855e-08 1.494638e-08 1.466789e-08 1.431723e-08 1.417202e-08 1.391630e-08 1.392055e-08 1.330098e-08 1.338318e-08 1.358021e-08 1.320647e-08 1.260879e-08 1.337878e-08 1.215574e-08 1.297544e-08 1.232816e-08 1.226086e-08 1.145933e-08 1.229335e-08 1.153349e-08 1.061533e-08 1.085610e-08
1.589409e-08 1.574760e-08 1.595724e-08 1.630526e-08 1.621005e-08 1.680434e-08 1.673136e-08 1.671848e-08 1.505435e-08 1.625896e-08 1.613349e-08 1.620280e-08 1.571464e-08 1.623355e-08 1.610457e-08 1.641471e-08 1.623964e-08 1.568795e-08 1.591953e-08 1.608736e-08 1.649804e-08 1.531347e-08 1.595479e-08 1.540670e-08 1.510807e-08 1.533179e-08 1.594193e-08 1.540493e-08 1.437764e-08 1.526522e-08 1.481720e-08 1.558922e-08 1.464290e-08 1.467396e-08 1.451749e-08 1.394099e-08 1.400113e-08 1.363586e-08 1.354174e-08 1.309389e-08 1.341776e-08 1.251994e-08 1.268883e-08 1.211480e-08 1.181441e-08 1.220354e-08 1.151788e-08 1.178130e-08 1.241553e-08 1.131639e-08 1.007416e-08
1.659170e-08 1.617158e-08 1.606220e-08 1.640493e-08 1.575616e-08 1.612200e-08 1.675394e-08 1.608238e-08 1.702241e-08 1.585818e-08 1.656819e-08 1.652452e-08 1.557491e-08 1.694506e-08 1.601792e-08 1.531792e-08 1.664086e-08 1.567273e-08 1.601646e-08 1.589548e-08 1.550360e-08 1.550544e-08 1.580226e-08 1.648500e-08 1.550493e-08 1.595497e-08 1.508731e-08 1.534323e-08 1.546493e-08 1.513533e-08 1.519973e-08 1.518109e-08 1.494595e-08 1.441842e-08 1.440570e-08 1.392999e-08 1.407846e-08 1.398730e-08 1.392796e-08 1.321431e-08 1.397020e-08 1.274823e-08 1.234514e-08 1.269772e-08 1.238082e-08 1.244550e-08 1.225391e-08 1.174153e-08 1.116730e-08 1.163451e-08 1.115513e-08
1.647896e-08 1.668021e-08 1.590588e-08 1.593081e-08 1.547149e-08 1.695114e-08 1.590283e-08 1.633139e-08 1.635122e-08 1.668249e-08 1.686220e-08 1.618520e-08 1.659640e-08 1.566054e-08 1.690043e-08 1.621322e-08 1.657241e-08 1.598438e-08 1.624276e-08 1.577967e-08 1.579383e-08 1.575883e-08 1.598368e-08 1.579370e-08 1.627306e-08 1.609014e-08 1.564900e-08 1.588936e-08 1.530488e-08 1.548774e-08 1.576116e-08 1.494814e-08 1.501888e-08 1.478119e-08 1.402967e-08 1.424730e-08 1.399015e-08 1.435214e-08 1.394744e-08 1.416407e-08 1.290136e-08 1.322762e-08 1.314347e-08 1.354059e-08 1.213206e-08 1.262516e-08 1.265452e-08 1.203769e-08 1.103473e-08 1.183081e-08 1.131025e-08
1.689242e-08 1.625019e-08 1.554851e-08 1.632359e-08 1.567527e-08 1.641919e-08 1.587972e-08 1.735584e-08 1.705608e-08 1.603675e-08 1.698372e-08 1.618001e-08 1.711899e-08 1.491517e-08 1.664668e-08 1.674330e-08 1.665057e-08 1.788166e-08 1.658405e-08 1.569288e-08 1.605635e-08 1.656467e-08 1.576659e-08 1.566725e-08 1.583024e-08 1.538714e-08 1.480993e-08 1.579047e-08 1.643206e-08 1.549264e-08 1.573486e-08 1.547152e-08 1.539394e-08 1.457245e-08 1.465909e-08 1.434483e-08 1.473055e-08 1.441205e-08 1.397137e-08 1.356213e-08 1.377321e-08 1.280768e-08 1.321333e-08 1.298953e-08 1.218305e-08 1.259095e-08 1.235998e-08 1.297652e-08 1.224828e-08 1.141998e-08 1.148433e-08
1.575003e-08 1.517480e-08 1.644800e-08 1.582362e-08 1.674271e-08 1.635142e-08 1.724414e-08 1.693529e-08 1.646752e-08 1.681924e-08 1.619134e-08 1.546088e-08 1.695201e-08 1.710484e-08 1.712393e-08 1.569660e-08 1.581915e-08 1.591250e-08 1.608334e-08 1.552898e-08 1.648958e-08 1.700923e-08 1.638122e-08 1.653221e-08 1.541891e-08 1.687698e-08 1.593719e-08 1.596018e-08 1.569010e-08 1.618586e-08 1.564109e-08 1.526363e-08 1.555687e-08 1.508477e-08 1.521417e-08 1.520841e-08 1.459303e-08 1.434038e-08 1.503174e-08 1.449964e-08 1.457642e-08 1.342590e-08 1.337456e-08 1.323789e-08 1.323195e-08 1.265888e-08 1.187802e-08 1.179704e-08 1.235115e-08 1.150965e-08 1.201551e-08
1.667822e-08 1.648869e-08 1.613014e-08 1.675152e-08 1.573208e-08 1.675686e-08 1.714918e-08 1.693444e-08 1.683825e-08 1.648990e-08 1.645238e-08 1.614143e-08 1.634942e-08 1.603425e-08 1.637752e-08 1.626714e-08 1.677403e-08 1.679741e-08 1.621605e-08 1.616700e-08 1.654111e-08 1.608871e-08 1.691540e-08 1.674801e-08 1.694595e-08 1.597831e-08 1.546391e-08 1.593916e-08 1.657188e-08 1.540432e-08 1.675161e-08 1.607376e-08 1.555867e-08 1.503892e-08 1.463858e-08 1.467967e-08 1.432699e-08 1.467563e-08 1.531573e-08 1.373549e-08 1.418521e-08 1.389782e-08 1.361188e-08 1.392249e-08 1.383656e-08 1.223038e-08 1.236312e-08 1.251469e-08 1.209457e-08 1.232928e-08 1.115383e-08
1.604991e-08 1.756034e-08 1.628983e-08 1.652902e-08 1.551605e-08 1.625738e-08 1.654895e-08 1.638682e-08 1.701819e-08 1.671962e-08 1.688139e-08 1.621479e-08 1.650454e-08 1.761674e-08 1.702342e-08 1.672464e-08 1.702630e-08 1.689888e-08 1.644340e-08 1.823108e-08 1.759170e-08 1.692406e-08 1.674820e-08 1.697260e-08 1.703730e-08 1.600939e-08 1.616132e-08 1.635551e-08 1.630478e-08 1.650770e-08 1.604739e-08 1.574769e-08 1.562036e-08 1.571384e-08 1.562916e-08 1.507079e-08 1.492500e-08 1.540872e-08 1.508062e-08 1.405387e-08 1.377644e-08 1.377198e-08 1.372806e-08 1.314389e-08 1.336371e-08 1.270950e-08 1.276973e-08 1.251505e-08 1.194392e-08 1.209749e-08 1.211034e-08
1.681129e-08 1.593165e-08 1.731340e-08 1.769724e-08 1.698158e-08 1.664023e-08 1.685379e-08 1.706792e-08 1.512937e-08 1.778324e-08 1.740722e-08 1.612278e-08 1.714563e-08 1.700312e-08 1.723681e-08 1.684700e-08 1.813136e-08 1.705373e-08 1.653196e-08 1.742063e-08 1.737283e-08 1.679643e-08 1.634301e-08 1.618923e-08 1.741619e-08 1.648413e-08 1.688740e-08 1.687892e-08 1.639295e-08 1.648667e-08 1.615952e-08 1.551571e-08 1.527139e-08 1.635145e-08 1.520543e-08 1.563389e-08 1.456459e-08 1.518305e-08 1.466011e-08 1.421671e-08 1.455157e-08 1.431165e-08 1.346791e-08 1.363305e-08 1.315849e-08 1.361418e-08 1.289873e-08 1.316403e-08 1.237931e-08 1.208565e-08 1.267162e-08
1.609776e-08 1.732419e-08 1.706435e-08 1.664213e-08 1.825238e-08 1.712885e-08 1.669273e-08 1.696826e-08 1.640127e-08 1.716032e-08 1.713161e-08 1.718377e-08 1.731339e-08 1.719843e-08 1.844944e-08 1.799252e-08 1.710678e-08 1.662550e-08 1.718052e-08 1.670383e-08 1.681465e-08 1.673022e-08 1.642333e-08 1.612707e-08 1.677235e-08 1.689555e-08 1.681905e-08 1.697349e-08 1.725796e-08 1.758349e-08 1.633904e-08 1.579446e-08 1.640088e-08 1.589753e-08 1.580229e-08 1.550760e-08 1.522125e-08 1.492802e-08 1.493441e-08 1.406173e-08 1.453039e-08 1.438236e-08 1.379505e-08 1.322397e-08 1.362640e-08 1.325009e-08 1.258632e-08 1.346924e-08 1.232659e-08 1.199349e-08 1.184552e-08
1.730478e-08 1.679620e-08 1.616303e-08 1.693408e-08 1.770780e-08 1.650078e-08 1.754217e-08 1.847581e-08 1.736620e-08 1.660840e-08 1.734933e-08 1.747180e-08 1.668853e-08 1.670107e-08 1.704859e-08 1.807992e-08 1.684602e-08 1.698832e-08 1.730037e-08 1.741715e-08 1.856837e-08 1.697556e-08 1.700517e-08 1.825088e-08 1.650649e-08 1.652120e-08 1.653803e-08 1.692151e-08 1.714794e-08 1.681475e-08 1.698613e-08 1.578717e-08 1.596834e-08 1.605347e-08 1.615808e-08 1.539298e-08 1.572820e-08 1.510167e-08 1.451172e-08 1.467021e-08 1.475300e-08 1.454728e-08 1.431441e-08 1.365112e-08 1.326545e-08 1.377651e-08 1.303755e-08 1.367009e-08 1.276138e-08 1.269499e-08 1.264223e-08
1.740583e-08 1.609005e-08 1.706568e-08 1.698391e-08 1.828495e-08 1.861291e-08 1.689431e-08 1.653332e-08 1.745337e-08 1.742620e-08 1.777080e-08 1.786814e-08 1.716564e-08 1.723904e-08 1.715551e-08 1.761417e-08 1.777273e-08 1.836919e-08 1.683586e-08 1.802513e-08 1.743360e-08 1.757542e-08 1.720751e-08 1.818550e-08 1.648871e-08 1.775028e-08 1.705779e-08 1.661976e-08 1.642625e-08 1.543230e-08 1.719805e-08 1.682878e-08 1.633882e-08 1.583230e-08 1.536471e-08 1.629384e-08 1.553167e-08 1.488765e-08 1.521224e-08 1.486657e-08 1.460816e-08 1.433050e-08 1.519338e-08 1.484453e-08 1.369507e-08 1.353875e-08 1.356901e-08 1.292178e-08 1.462721e-08 1.244566e-08 1.377332e-08
1.654692e-08 1.682549e-08 1.687318e-08 1.750360e-08 1.738313e-08 1.764761e-08 1.816291e-08 1.627357e-08 1.672234e-08 1.775418e-08 1.816034e-08 1.707047e-08 1.746917e-08 1.750084e-08 1.684509e-08 1.801432e-08 1.699749e-08 1.826680e-08 1.796402e-08 1.853587e-08 1.758895e-08 1.728254e-08 1.713261e-08 1.785429e-08 1.787700e-08 1.725658e-08 1.748558e-08 1.708634e-08 1.765289e-08 1.699632e-08 1.722722e-08 1.640199e-08 1.658702e-08 1.658538e-08 1.621492e-08 1.549502e-08 1.613120e-08 1.528275e-08 1.564080e-08 1.490115e-08 1.461277e-08 1.478764e-08 1.458588e-08 1.465639e-08 1.343279e-08 1.331824e-08 1.321905e-08 1.274050e-08 1.346205e-08 1.189985e-08 1.210211e-08
1.739350e-08 1.849433e-08 1.673902e-08 1.768506e-08 1.730034e-08 1.649877e-08 1.779455e-08 1.753791e-08 1.785400e-08 1.741702e-08 1.828185e-08 1.788598e-08 1.650737e-08 1.809331e-08 1.695633e-08 1.771717e-08 1.859474e-08 1.856628e-08 1.715801e-08 1.731147e-08 1.837430e-08 1.685538e-08 1.845359e-08 1.814769e-08 1.809701e-08 1.689444e-08 1.701973e-08 1.703628e-08 1.671378e-08 1.728088e-08 1.729150e-08 1.685099e-08 1.642067e-08 1.592213e-08 1.523716e-08 1.702406e-08 1.596858e-08 1.687564e-08 1.466159e-08 1.623399e-08 1.449947e-08 1.423136e-08 1.527128e-08 1.386719e-08 1.424059e-08 1.317088e-08 1.382440e-08 1.445104e-08 1.217791e-08 1.304994e-08 1.345043e-08
1.691935e-08 1.800410e-08 1.791142e-08 1.707290e-08 1.667488e-08 1.788809e-08 1.776998e-08 1.720029e-08 1.771810e-08 1.761989e-08 1.910369e-08 1.837250e-08 1.877367e-08 1.734075e-08 1.741711e-08 1.882013e-08 1.786914e-08 1.730472e-08 1.748745e-08 1.844369e-08 1.851629e-08 1.791608e-08 1.686189e-08 1.784916e-08 1.791201e-08 1.592065e-08 1.717975e-08 1.685635e-08 1.639264e-08 1.711977e-08 1.700304e-08 1.662088e-08 1.619074e-08 1.641704e-08 1.639113e-08 1.557775e-08 1.492581e-08 1.586115e-08 1.668208e-08 1.504851e-08 1.491931e-08 1.418389e-08 1.441926e-08 1.467965e-08 1.430795e-08 1.433173e-08 1.368548e-08 1.280998e-08 1.243214e-08 1.311643e-08 1.382723e-08
1.752672e-08 1.586527e-08 1.703341e-08 1.670242e-08 1.705228e-08 1.799240e-08 1.657220e-08 1.873807e-08 1.708792e-08 1.838348e-08 1.702271e-08 1.797538e-08 1.715143e-08 1.893549e-08 1.718269e-08 1.890536e-08 1.808415e-08 1.803413e-08 1.839698e-08 1.836205e-08 1.690503e-08 1.723390e-08 1.762331e-08 1.678835e-08 1.764395e-08 1.768979e-08 1.699996e-08 1.624697e-08 1.738517e-08 1.584489e-08 1.685331e-08 1.727702e-08 1.711369e-08 1.663062e-08 1.685658e-08 1.621595e-08 1.582951e-08 1.527424e-08 1.502802e-08 1.537756e-08 1.562680e-08 1.452776e-08 1.465218e-08 1.449364e-08 1.378021e-08 1.402234e-08 1.365335e-08 1.310210e-08 1.283171e-08 1.238288e-08 1.266943e-08
