data/gps2f_nb_force_rot_Z.grd
DSAA
361 181
-180 180
-90 90
-2.297544e-08 1.937016e-08
[rows 23 to 45 of 181, columns 250 to 299 of 361]
1.794828e-08 1.752392e-08 1.635716e-08 1.732015e-08 1.671725e-08 1.786981e-08 1.657167e-08 1.699895e-08 1.711274e-08 1.605489e-08 1.754694e-08 1.610988e-08 1.595513e-08 1.592618e-08 1.731755e-08 1.718402e-08 1.638319e-08 1.626489e-08 1.689795e-08 1.707652e-08 1.738483e-08 1.639344e-08 1.728728e-08 1.683940e-08 1.672684e-08 1.668324e-08 1.643882e-08 1.630006e-08 1.694717e-08 1.620756e-08 1.645974e-08 1.698225e-08 1.589260e-08 1.638444e-08 1.701608e-08 1.619660e-08 1.645121e-08 1.688421e-08 1.533729e-08 1.643170e-08 1.707989e-08 1.585730e-08 1.745395e-08 1.651195e-08 1.739947e-08 1.687995e-08 1.640072e-08 1.706288e-08 1.730159e-08 1.706679e-08
1.651204e-08 1.726212e-08 1.692396e-08 1.705658e-08 1.659961e-08 1.670663e-08 1.574239e-08 1.703701e-08 1.708337e-08 1.642119e-08 1.626261e-08 1.577994e-08 1.642036e-08 1.696519e-08 1.703752e-08 1.747539e-08 1.688167e-08 1.684002e-08 1.549604e-08 1.756250e-08 1.623146e-08 1.660335e-08 1.552409e-08 1.662351e-08 1.591625e-08 1.729442e-08 1.624074e-08 1.668261e-08 1.643940e-08 1.631584e-08 1.569187e-08 1.633379e-08 1.660860e-08 1.755193e-08 1.621826e-08 1.594111e-08 1.758528e-08 1.632930e-08 1.690396e-08 1.664996e-08 1.657097e-08 1.652854e-08 1.712954e-08 1.748912e-08 1.767014e-08 1.683245e-08 1.684317e-08 1.706489e-08 1.717520e-08 1.724833e-08
1.707435e-08 1.656969e-08 1.615577e-08 1.592765e-08 1.654415e-08 1.519983e-08 1.691451e-08 1.722685e-08 1.634223e-08 1.595588e-08 1.788814e-08 1.643463e-08 1.639018e-08 1.599253e-08 1.734730e-08 1.652966e-08 1.612795e-08 1.592218e-08 1.667556e-08 1.590786e-08 1.610564e-08 1.555002e-08 1.545142e-08 1.609409e-08 1.660760e-08 1.676304e-08 1.762963e-08 1.721688e-08 1.711551e-08 1.697434e-08 1.604749e-08 1.596915e-08 1.645810e-08 1.635709e-08 1.617389e-08 1.812162e-08 1.618036e-08 1.670315e-08 1.611233e-08 1.663404e-08 1.649336e-08 1.645248e-08 1.633450e-08 1.757291e-08 1.645025e-08 1.755918e-08 1.564468e-08 1.718950e-08 1.601551e-08 1.671597e-08
1.662473e-08 1.625638e-08 1.748798e-08 1.581018e-08 1.664544e-08 1.648708e-08 1.631447e-08 1.683658e-08 1.684666e-08 1.660047e-08 1.647740e-08 1.608695e-08 1.647835e-08 1.668973e-08 1.552079e-08 1.637697e-08 1.575361e-08 1.618676e-08 1.702066e-08 1.574752e-08 1.766684e-08 1.588323e-08 1.710072e-08 1.613007e-08 1.615873e-08 1.730472e-08 1.676941e-08 1.712142e-08 1.636392e-08 1.685951e-08 1.634113e-08 1.692816e-08 1.592192e-08 1.690307e-08 1.691132e-08 1.752152e-08 1.650687e-08 1.585120e-08 1.690442e-08 1.654788e-08 1.688290e-08 1.620207e-08 1.790371e-08 1.604109e-08 1.734578e-08 1.694670e-08 1.742952e-08 1.714668e-08 1.614815e-08 1.721198e-08
1.704467e-08 1.650984e-08 1.680215e-08 1.640324e-08 1.761393e-08 1.637852e-08 1.668990e-08 1.785384e-08 1.730345e-08 1.734726e-08 1.551696e-08 1.548171e-08 1.596477e-08 1.581526e-08 1.604364e-08 1.715342e-08 1.642469e-08 1.597846e-08 1.664577e-08 1.646561e-08 1.587478e-08 1.672384e-08 1.573114e-08 1.572184e-08 1.691289e-08 1.640850e-08 1.742609e-08 1.676434e-08 1.643173e-08 1.685139e-08 1.583240e-08 1.648545e-08 1.674558e-08 1.573024e-08 1.655427e-08 1.687636e-08 1.643494e-08 1.626037e-08 1.535567e-08 1.645065e-08 1.580176e-08 1.723645e-08 1.617147e-08 1.724089e-08 1.654877e-08 1.688301e-08 1.688626e-08 1.730303e-08 1.690699e-08 1.814638e-08
1.744737e-08 1.700440e-08 1.594205e-08 1.633687e-08 1.747835e-08 1.626756e-08 1.704257e-08 1.617217e-08 1.651338e-08 1.662184e-08 1.695798e-08 1.533459e-08 1.521766e-08 1.609920e-08 1.730860e-08 1.491721e-08 1.701814e-08 1.660845e-08 1.557644e-08 1.743423e-08 1.643155e-08 1.691456e-08 1.742628e-08 1.599392e-08 1.705477e-08 1.575800e-08 1.672559e-08 1.638234e-08 1.722027e-08 1.600185e-08 1.665496e-08 1.666430e-08 1.644707e-08 1.601753e-08 1.607640e-08 1.660907e-08 1.622950e-08 1.668541e-08 1.581554e-08 1.694374e-08 1.729817e-08 1.695292e-08 1.688352e-08 1.758866e-08 1.749813e-08 1.745790e-08 1.717424e-08 1.645716e-08 1.709042e-08 1.698709e-08
1.553426e-08 1.646356e-08 1.627041e-08 1.672019e-08 1.645192e-08 1.704285e-08 1.541395e-08 1.635719e-08 1.683011e-08 1.665021e-08 1.572178e-08 1.517619e-08 1.611938e-08 1.669369e-08 1.751536e-08 1.550782e-08 1.633493e-08 1.669888e-08 1.663394e-08 1.584521e-08 1.530355e-08 1.642127e-08 1.693133e-08 1.505409e-08 1.770425e-08 1.556857e-08 1.522749e-08 1.577772e-08 1.598047e-08 1.600264e-08 1.623656e-08 1.687105e-08 1.725293e-08 1.531124e-08 1.633916e-08 1.543977e-08 1.724390e-08 1.641226e-08 1.534794e-08 1.703464e-08 1.693538e-08 1.628784e-08 1.719315e-08 1.720617e-08 1.636085e-08 1.625306e-08 1.788893e-08 1.726672e-08 1.712060e-08 1.699794e-08
1.560449e-08 1.697240e-08 1.650603e-08 1.631091e-08 1.510030e-08 1.717481e-08 1.616675e-08 1.605584e-08 1.646306e-08 1.649820e-08 1.585302e-08 1.659153e-08 1.552686e-08 1.679959e-08 1.601987e-08 1.695218e-08 1.582983e-08 1.640385e-08 1.575211e-08 1.647921e-08 1.549437e-08 1.535023e-08 1.520029e-08 1.573514e-08 1.654566e-08 1.610175e-08 1.477614e-08 1.754225e-08 1.498995e-08 1.591946e-08 1.580259e-08 1.529015e-08 1.541667e-08 1.682062e-08 1.593245e-08 1.607081e-08 1.781300e-08 1.593327e-08 1.635737e-08 1.596238e-08 1.582678e-08 1.705045e-08 1.648628e-08 1.607620e-08 1.660307e-08 1.740234e-08 1.719892e-08 1.773790e-08 1.723499e-08 1.687408e-08
1.623440e-08 1.538732e-08 1.519145e-08 1.526410e-08 1.552476e-08 1.615620e-08 1.629085e-08 1.579685e-08 1.606123e-08 1.581041e-08 1.604037e-08 1.555965e-08 1.571036e-08 1.459128e-08 1.558047e-08 1.598203e-08 1.575290e-08 1.598791e-08 1.516673e-08 1.537497e-08 1.604763e-08 1.544502e-08 1.508191e-08 1.599605e-08 1.554074e-08 1.667544e-08 1.544969e-08 1.543036e-08 1.568795e-08 1.544429e-08 1.515579e-08 1.580110e-08 1.748842e-08 1.549830e-08 1.656739e-08 1.605987e-08 1.706833e-08 1.688121e-08 1.642179e-08 1.673581e-08 1.648195e-08 1.571185e-08 1.665985e-08 1.744971e-08 1.645861e-08 1.665570e-08 1.613741e-08 1.592402e-08 1.679148e-08 1.777937e-08
1.653421e-08 1.591349e-08 1.605226e-08 1.540370e-08 1.696641e-08 1.609429e-08 1.544901e-08 1.588831e-08 1.612895e-08 1.491559e-08 1.596942e-08 1.723982e-08 1.623954e-08 1.635253e-08 1.735808e-08 1.632322e-08 1.644772e-08 1.615412e-08 1.470989e-08 1.620534e-08 1.530491e-08 1.643249e-08 1.603845e-08 1.543624e-08 1.695102e-08 1.575185e-08 1.691909e-08 1.643478e-08 1.554251e-08 1.641805e-08 1.591374e-08 1.623351e-08 1.586100e-08 1.623209e-08 1.647047e-08 1.522634e-08 1.593169e-08 1.682375e-08 1.539649e-08 1.598260e-08 1.691438e-08 1.631064e-08 1.593751e-08 1.591555e-08 1.600275e-08 1.656278e-08 1.667273e-08 1.599868e-08 1.711926e-08 1.605092e-08
1.755086e-08 1.623508e-08 1.617849e-08 1.566686e-08 1.582627e-08 1.542810e-08 1.539471e-08 1.476479e-08 1.563682e-08 1.541904e-08 1.557350e-08 1.674769e-08 1.602495e-08 1.625491e-08 1.543741e-08 1.523353e-08 1.622376e-08 1.469706e-08 1.623206e-08 1.699966e-08 1.671170e-08 1.590194e-08 1.594610e-08 1.665930e-08 1.532801e-08 1.566183e-08 1.527029e-08 1.582441e-08 1.585111e-08 1.584353e-08 1.621657e-08 1.584175e-08 1.684774e-08 1.604858e-08 1.602228e-08 1.719383e-08 1.496661e-08 1.567349e-08 1.598034e-08 1.666771e-08 1.605613e-08 1.516136e-08 1.602088e-08 1.589641e-08 1.610851e-08 1.724151e-08 1.585039e-08 1.649649e-08 1.602661e-08 1.629772e-08
1.529133e-08 1.579365e-08 1.586318e-08 1.659438e-08 1.603983e-08 1.541746e-08 1.489721e-08 1.469690e-08 1.556582e-08 1.618874e-08 1.605762e-08 1.461856e-08 1.557383e-08 1.569230e-08 1.559260e-08 1.564883e-08 1.578030e-08 1.564906e-08 1.535248e-08 1.418316e-08 1.436615e-08 1.512758e-08 1.546238e-08 1.560469e-08 1.545409e-08 1.542970e-08 1.531956e-08 1.579215e-08 1.538386e-08 1.592438e-08 1.632450e-08 1.528833e-08 1.566790e-08 1.511481e-08 1.563782e-08 1.534602e-08 1.557854e-08 1.528539e-08 1.578738e-08 1.554306e-08 1.643541e-08 1.532243e-08 1.695896e-08 1.564096e-08 1.624420e-08 1.659339e-08 1.666599e-08 1.589730e-08 1.636496e-08 1.646920e-08
1.512098e-08 1.694583e-08 1.557508e-08 1.556576e-08 1.654464e-08 1.537158e-08 1.553555e-08 1.571788e-08 1.658293e-08 1.627120e-08 1.671489e-08 1.562998e-08 1.548186e-08 1.467281e-08 1.549216e-08 1.504132e-08 1.567575e-08 1.579679e-08 1.551440e-08 1.553179e-08 1.538629e-08 1.534277e-08 1.583229e-08 1.551414e-08 1.477241e-08 1.462449e-08 1.582157e-08 1.588000e-08 1.519736e-08 1.400727e-08 1.464873e-08 1.635004e-08 1.512127e-08 1.538823e-08 1.460227e-08 1.562677e-08 1.600332e-08 1.671626e-08 1.618254e-08 1.592682e-08 1.535982e-08 1.573558e-08 1.677632e-08 1.584600e-08 1.629266e-08 1.670328e-08 1.712814e-08 1.637815e-08 1.727644e-08 1.706942e-08
1.533039e-08 1.492115e-08 1.532346e-08 1.535862e-08 1.467508e-08 1.605683e-08 1.581785e-08 1.546836e-08 1.546230e-08 1.486340e-08 1.475316e-08 1.459801e-08 1.482390e-08 1.527449e-08 1.456139e-08 1.556115e-08 1.525288e-08 1.485319e-08 1.499187e-08 1.517680e-08 1.479752e-08 1.498658e-08 1.458827e-08 1.430313e-08 1.685931e-08 1.465515e-08 1.521512e-08 1.501208e-08 1.780019e-08 1.590583e-08 1.491685e-08 1.612736e-08 1.505946e-08 1.618761e-08 1.505827e-08 1.481416e-08 1.650597e-08 1.518619e-08 1.620282e-08 1.622643e-08 1.641379e-08 1.559474e-08 1.702289e-08 1.475664e-08 1.577404e-08 1.596915e-08 1.593969e-08 1.695976e-08 1.588260e-08 1.615753e-08
1.617312e-08 1.527493e-08 1.484506e-08 1.506054e-08 1.451931e-08 1.505059e-08 1.437725e-08 1.605055e-08 1.518836e-08 1.541413e-08 1.675448e-08 1.416078e-08 1.476490e-08 1.559662e-08 1.684032e-08 1.512577e-08 1.479159e-08 1.458973e-08 1.568772e-08 1.500263e-08 1.544954e-08 1.487515e-08 1.411513e-08 1.463465e-08 1.535263e-08 1.509426e-08 1.478691e-08 1.561279e-08 1.489851e-08 1.509383e-08 1.483677e-08 1.546427e-08 1.522725e-08 1.595787e-08 1.575962e-08 1.535999e-08 1.594527e-08 1.494687e-08 1.532316e-08 1.621169e-08 1.562832e-08 1.571143e-08 1.591640e-08 1.579886e-08 1.584579e-08 1.708474e-08 1.625327e-08 1.691713e-08 1.604329e-08 1.563745e-08
1.493846e-08 1.593664e-08 1.533939e-08 1.509494e-08 1.540003e-08 1.498179e-08 1.433058e-08 1.430482e-08 1.573192e-08 1.471659e-08 1.474350e-08 1.426042e-08 1.441500e-08 1.429964e-08 1.599697e-08 1.514602e-08 1.438841e-08 1.617532e-08 1.426983e-08 1.458219e-08 1.479788e-08 1.498402e-08 1.438963e-08 1.419198e-08 1.458519e-08 1.450630e-08 1.428151e-08 1.506660e-08 1.534453e-08 1.430736e-08 1.502832e-08 1.521622e-08 1.664428e-08 1.467578e-08 1.570770e-08 1.479227e-08 1.577332e-08 1.487828e-08 1.553189e-08 1.621040e-08 1.480811e-08 1.512688e-08 1.765102e-08 1.601836e-08 1.588955e-08 1.521817e-08 1.618031e-08 1.696569e-08 1.599028e-08 1.696083e-08
1.578466e-08 1.485247e-08 1.527054e-08 1.434749e-08 1.545704e-08 1.573579e-08 1.526653e-08 1.530870e-08 1.472023e-08 1.463881e-08 1.413200e-08 1.470814e-08 1.573456e-08 1.476310e-08 1.451820e-08 1.416531e-08 1.499187e-08 1.459874e-08 1.476189e-08 1.458773e-08 1.373836e-08 1.528441e-08 1.444775e-08 1.395227e-08 1.540142e-08 1.473156e-08 1.523670e-08 1.454645e-08 1.405061e-08 1.420607e-08 1.537846e-08 1.456092e-08 1.520032e-08 1.436154e-08 1.498862e-08 1.488428e-08 1.564005e-08 1.594634e-08 1.522240e-08 1.541659e-08 1.439253e-08 1.617206e-08 1.627981e-08 1.560068e-08 1.668156e-08 1.492971e-08 1.643576e-08 1.550988e-08 1.485829e-08 1.624737e-08
1.433181e-08 1.517149e-08 1.451070e-08 1.469222e-08 1.512987e-08 1.419691e-08 1.400342e-08 1.431236e-08 1.494875e-08 1.579515e-08 1.402320e-08 1.409460e-08 1.456887e-08 1.418388e-08 1.427530e-08 1.379995e-08 1.627147e-08 1.567660e-08 1.418670e-08 1.369366e-08 1.390309e-08 1.489691e-08 1.503555e-08 1.549357e-08 1.377233e-08 1.388648e-08 1.441613e-08 1.438661e-08 1.480818e-08 1.420835e-08 1.533287e-08 1.472914e-08 1.444160e-08 1.455417e-08 1.417318e-08 1.509130e-08 1.622396e-08 1.531138e-08 1.431540e-08 1.569567e-08 1.446650e-08 1.564554e-08 1.533846e-08 1.640008e-08 1.511432e-08 1.539028e-08 1.575013e-08 1.534153e-08 1.551321e-08 1.658617e-08
1.565990e-08 1.512019e-08 1.524832e-08 1.505075e-08 1.502893e-08 1.389817e-08 1.497184e-08 1.351636e-08 1.515867e-08 1.440817e-08 1.519201e-08 1.488090e-08 1.370728e-08 1.401733e-08 1.450671e-08 1.476168e-08 1.436741e-08 1.361338e-08 1.394306e-08 1.419814e-08 1.448319e-08 1.447516e-08 1.405323e-08 1.316190e-08 1.358636e-08 1.452488e-08 1.367027e-08 1.529099e-08 1.388495e-08 1.496320e-08 1.431076e-08 1.526420e-08 1.480628e-08 1.409542e-08 1.383015e-08 1.527759e-08 1.580120e-08 1.529748e-08 1.494630e-08 1.471594e-08 1.415244e-08 1.570692e-08 1.494818e-08 1.524151e-08 1.525616e-08 1.596063e-08 1.559132e-08 1.488359e-08 1.493389e-08 1.605005e-08
1.402824e-08 1.448428e-08 1.500222e-08 1.478750e-08 1.440632e-08 1.550186e-08 1.410546e-08 1.501821e-08 1.555607e-08 1.466712e-08 1.433797e-08 1.388280e-08 1.428428e-08 1.508285e-08 1.552665e-08 1.538682e-08 1.408546e-08 1.344305e-08 1.399609e-08 1.346920e-08 1.346492e-08 1.354079e-08 1.400884e-08 1.418210e-08 1.355337e-08 1.475464e-08 1.402306e-08 1.416074e-08 1.374514e-08 1.338709e-08 1.352072e-08 1.438774e-08 1.425951e-08 1.450617e-08 1.439731e-08 1.498065e-08 1.420104e-08 1.377205e-08 1.442828e-08 1.470426e-08 1.470798e-08 1.481272e-08 1.509308e-08 1.538138e-08 1.427797e-08 1.417938e-08 1.578237e-08 1.525238e-08 1.538294e-08 1.488433e-08
1.401201e-08 1.543991e-08 1.412932e-08 1.417853e-08 1.397301e-08 1.416868e-08 1.379806e-08 1.422060e-08 1.417450e-08 1.400034e-08 1.404832e-08 1.393895e-08 1.482068e-08 1.483512e-08 1.573039e-08 1.314903e-08 1.446269e-08 1.303653e-08 1.406353e-08 1.465189e-08 1.418358e-08 1.513214e-08 1.355714e-08 1.327276e-08 1.489624e-08 1.430415e-08 1.467483e-08 1.276568e-08 1.388209e-08 1.460612e-08 1.325213e-08 1.357001e-08 1.537905e-08 1.372391e-08 1.438443e-08 1.532270e-08 1.402472e-08 1.446071e-08 1.417041e-08 1.427049e-08 1.574619e-08 1.428747e-08 1.424242e-08 1.542153e-08 1.517137e-08 1.419013e-08 1.523273e-08 1.524917e-08 1.550826e-08 1.476830e-08
1.423817e-08 1.467521e-08 1.566241e-08 1.489800e-08 1.370116e-08 1.431548e-08 1.347095e-08 1.310734e-08 1.421211e-08 1.385756e-08 1.325310e-08 1.341561e-08 1.447757e-08 1.390676e-08 1.524490e-08 1.379352e-08 1.278853e-08 1.401548e-08 1.435674e-08 1.346938e-08 1.340602e-08 1.526230e-08 1.363069e-08 1.444607e-08 1.452639e-08 1.276334e-08 1.480213e-08 1.422898e-08 1.266356e-08 1.328837e-08 1.355144e-08 1.375222e-08 1.425569e-08 1.456566e-08 1.382397e-08 1.421427e-08 1.453700e-08 1.494138e-08 1.488313e-08 1.418208e-08 1.574755e-08 1.465958e-08 1.475842e-08 1.498892e-08 1.383914e-08 1.427626e-08 1.593830e-08 1.465962e-08 1.546903e-08 1.553327e-08
1.404867e-08 1.404175e-08 1.401520e-08 1.416843e-08 1.473803e-08 1.468762e-08 1.313686e-08 1.442597e-08 1.340249e-08 1.382060e-08 1.307613e-08 1.311720e-08 1.331639e-08 1.421807e-08 1.331613e-08 1.300314e-08 1.368638e-08 1.262375e-08 1.242822e-08 1.309196e-08 1.371894e-08 1.347215e-08 1.375785e-08 1.512132e-08 1.290877e-08 1.263921e-08 1.385320e-08 1.519599e-08 1.438567e-08 1.327568e-08 1.342949e-08 1.411052e-08 1.372155e-08 1.385132e-08 1.380327e-08 1.313843e-08 1.362128e-08 1.399141e-08 1.394625e-08 1.440894e-08 1.372197e-08 1.506475e-08 1.470773e-08 1.378658e-08 1.466037e-08 1.405719e-08 1.498701e-08 1.535243e-08 1.519261e-08 1.397601e-08
