data/gps2f_nb_force_rot_X.grd
DSAA
361 181
-180 180
-90 90
-2.102955e-08 2.164204e-08
[rows 69 to 91 of 181, columns 51 to 101 of 361]
1.447803e-08 1.210522e-08 1.230977e-08 1.188731e-08 1.166598e-08 1.062712e-08 9.402973e-09 1.006942e-08 9.748505e-09 9.320869e-09 9.624764e-09 8.735605e-09 8.213820e-09 7.958023e-09 7.626495e-09 7.981197e-09 6.430371e-09 5.880652e-09 6.753925e-09 5.409227e-09 6.087278e-09 3.829173e-09 6.570065e-09 4.730381e-09 5.637216e-09 5.173971e-09 4.279521e-09 3.512521e-09 4.732998e-09 1.377688e-09 2.107322e-09 2.462908e-09 8.112224e-10 1.199824e-09 3.082785e-10 -2.462018e-10 1.426943e-09 2.008426e-09 2.811488e-10 5.338904e-10 -2.669680e-10 1.003412e-10 -2.496514e-09 -5.296827e-10 -3.164845e-09 -1.317782e-09 -9.557377e-10 -1.319219e-09 -3.236657e-09 -3.488668e-09 -3.813489e-09
1.164002e-08 1.253094e-08 1.073639e-08 1.315510e-08 1.067295e-08 1.156581e-08 1.148401e-08 1.155390e-08 1.052449e-08 9.148560e-09 9.489457e-09 9.037362e-09 8.449802e-09 8.919970e-09 8.378509e-09 6.950952e-09 7.794597e-09 7.193687e-09 7.145020e-09 6.586724e-09 6.585902e-09 6.318456e-09 3.352827e-09 4.570577e-09 4.125575e-09 3.678539e-09 2.901581e-09 4.333929e-09 3.475807e-09 3.330242e-09 2.889847e-09 2.110133e-09 2.013170e-09 1.733797e-09 2.618574e-09 4.349558e-12 8.892111e-10 -3.912467e-11 -2.362890e-09 -1.336532e-10 -1.823446e-09 2.856304e-10 -8.988347e-10 -2.458227e-09 -2.466491e-09 -1.398560e-09 -2.509864e-09 -8.019423e-10 -5.272993e-09 -4.849804e-09 -2.756394e-09
1.183924e-08 1.235282e-08 1.283689e-08 1.218273e-08 1.130817e-08 1.214392e-08 1.244302e-08 9.537341e-09 1.048364e-08 8.605539e-09 9.622164e-09 8.231004e-09 7.956529e-09 8.251789e-09 7.809786e-09 7.180376e-09 7.306793e-09 7.545444e-09 6.856849e-09 6.560848e-09 6.439361e-09 4.501240e-09 5.503852e-09 5.784733e-09 4.014381e-09 4.631600e-09 3.063286e-09 2.388716e-09 1.910491e-09 2.834681e-09 -3.308663e-10 2.061954e-09 2.369175e-09 1.882934e-09 2.141037e-09 1.129929e-09 -1.387324e-09 1.007054e-09 -4.341769e-10 -2.924319e-10 -2.020044e-10 -9.119772e-10 -5.929394e-10 -2.212846e-09 -1.673622e-09 -3.150772e-09 -3.165234e-09 -3.681354e-09 -3.222059e-09 -4.547586e-09 -2.307223e-09
1.185150e-08 1.235341e-08 1.226227e-08 1.134523e-08 1.144272e-08 1.021823e-08 1.137973e-08 1.042928e-08 1.048295e-08 1.012500e-08 9.079494e-09 8.084713e-09 9.914170e-09 8.798393e-09 9.067695e-09 7.655955e-09 7.463976e-09 7.099066e-09 5.151905e-09 5.960560e-09 5.948434e-09 5.220437e-09 4.263830e-09 3.349171e-09 3.336703e-09 4.039098e-09 4.413457e-09 3.145167e-09 2.804325e-09 1.313416e-09 2.869168e-09 2.312874e-09 2.106397e-09 8.258031e-10 9.027248e-10 1.317341e-09 9.028448e-11 1.332124e-09 5.690122e-10 -3.571726e-10 1.001194e-09 -1.474325e-09 -1.152546e-09 -1.416786e-10 -3.091805e-09 -2.979821e-09 -1.866938e-09 -3.855925e-09 -2.759335e-09 -2.415974e-09 -2.655463e-09
1.379165e-08 1.202503e-08 1.330238e-08 1.239134e-08 1.234594e-08 1.186087e-08 1.198259e-08 1.083318e-08 9.561199e-09 9.260022e-09 9.538397e-09 8.242374e-09 7.535128e-09 8.671665e-09 8.368535e-09 8.086677e-09 6.922599e-09 6.500996e-09 5.930692e-09 7.330019e-09 5.430354e-09 5.433237e-09 7.079560e-09 5.665218e-09 3.315523e-09 4.557683e-09 3.937054e-09 4.781314e-09 2.167382e-09 3.599753e-09 2.986838e-09 1.839614e-09 2.705451e-09 1.503792e-09 1.996890e-09 3.143343e-09 2.085195e-09 1.674235e-09 -3.687878e-11 5.782667e-10 -1.616107e-10 -2.002785e-09 -1.924454e-09 1.410427e-10 -9.933903e-10 -3.222093e-09 -2.756752e-09 -2.048147e-09 -3.308101e-09 -3.145088e-09 -3.539071e-09
1.155800e-08 1.338500e-08 1.177408e-08 1.105356e-08 1.257738e-08 1.130485e-08 1.111848e-08 1.100348e-08 1.143638e-08 1.047675e-08 9.529779e-09 9.212589e-09 8.800478e-09 7.764235e-09 7.716313e-09 7.977849e-09 9.367787e-09 5.610446e-09 5.828648e-09 6.505410e-09 7.773445e-09 6.378483e-09 5.489945e-09 4.873623e-09 5.095912e-09 4.283220e-09 5.090582e-09 4.303288e-09 4.382585e-09 3.152138e-09 3.129031e-09 2.001378e-09 3.455967e-09 8.883410e-10 1.607182e-09 1.314722e-10 -1.579104e-10 1.031500e-09 -2.902323e-10 -4.416726e-11 3.599740e-10 -2.088520e-09 -2.040525e-11 -2.076495e-09 -1.081269e-09 -2.424227e-09 -2.939794e-09 -2.446767e-09 -2.390539e-09 -2.015951e-09 -3.199905e-09
1.270034e-08 1.260992e-08 1.305731e-08 1.166245e-08 1.089517e-08 1.170390e-08 1.083736e-08 1.115484e-08 9.856868e-09 9.750667e-09 1.048029e-08 8.861064e-09 8.432083e-09 9.747151e-09 7.160528e-09 8.815152e-09 8.419080e-09 6.672132e-09 5.395238e-09 6.114881e-09 6.629088e-09 4.473201e-09 4.368983e-09 4.658663e-09 4.699320e-09 3.617990e-09 4.246177e-09 3.907174e-09 2.066016e-09 3.224629e-09 2.027400e-09 8.132563e-10 2.242799e-09 9.309892e-10 6.987557e-10 1.714243e-09 1.727916e-09 -1.669247e-09 -3.031060e-10 1.728988e-10 -1.331870e-09 -1.295767e-09 -1.199486e-09 -1.180970e-09 -2.424140e-09 -4.666042e-09 -3.477720e-09 -2.970434e-09 -2.274813e-09 -1.846988e-09 -3.520701e-09
1.311898e-08 1.203446e-08 1.108584e-08 1.140557e-08 1.075911e-08 1.011048e-08 1.039615e-08 1.081545e-08 1.046217e-08 9.878737e-09 9.126431e-09 9.431685e-09 9.854475e-09 7.765923e-09 8.665513e-09 8.233413e-09 7.864842e-09 7.082136e-09 6.606644e-09 6.529680e-09 7.063736e-09 5.702402e-09 4.402426e-09 4.802487e-09 4.932027e-09 5.161952e-09 3.708645e-09 4.241666e-09 3.635256e-09 3.416315e-09 2.244757e-09 1.943727e-09 1.260282e-09 2.034864e-09 1.121715e-09 1.120534e-09 9.816907e-12 -8.304111e-10 -7.555058e-10 2.377619e-09 -1.068678e-09 -1.385354e-09 -1.859394e-09 -2.387079e-10 -1.764915e-09 -2.715528e-09 -2.403503e-09 -2.953410e-09 -2.606886e-09 -2.720427e-09 -3.593381e-09
1.197136e-08 1.142475e-08 1.255088e-08 1.243914e-08 1.072198e-08 1.130733e-08 1.073204e-08 1.008672e-08 9.319965e-09 9.684960e-09 9.683237e-09 9.519355e-09 7.778239e-09 8.839508e-09 9.327704e-09 8.611781e-09 6.476202e-09 5.410967e-09 7.042843e-09 5.018167e-09 6.384942e-09 4.733238e-09 4.861171e-09 4.022492e-09 6.275113e-09 2.945824e-09 2.215383e-09 3.749550e-09 3.427965e-09 1.455639e-09 2.870339e-09 2.545057e-09 2.467244e-09 1.366293e-09 9.250808e-10 7.142384e-10 1.059635e-09 3.808946e-10 2.630022e-10 1.003886e-09 -1.253489e-09 -1.604801e-09 -1.125455e-09 -1.643385e-09 -3.271605e-09 -7.753769e-10 -1.582452e-09 -2.766165e-09 -5.993188e-11 -4.132762e-09 -4.079963e-09
1.300036e-08 1.204226e-08 1.204313e-08 1.198613e-08 1.119477e-08 1.068305e-08 1.248943e-08 1.089066e-08 1.007399e-08 1.020778e-08 8.513251e-09 9.581593e-09 8.505903e-09 6.985306e-09 8.554601e-09 7.068046e-09 7.691867e-09 8.973058e-09 6.707038e-09 5.358054e-09 5.455108e-09 6.162889e-09 4.426927e-09 5.823921e-09 5.170631e-09 3.403387e-09 3.166792e-09 2.442566e-09 1.549280e-09 2.907261e-09 2.552086e-09 3.832740e-09 3.262051e-09 2.013793e-09 6.216994e-10 7.425753e-10 7.156025e-10 9.984560e-10 -1.267920e-09 -4.567887e-10 -8.594678e-11 -1.150577e-09 -1.024633e-10 -1.907868e-09 -2.000036e-09 -1.834330e-09 -1.825609e-09 -2.876572e-09 -3.317281e-09 -2.795128e-09 -2.878341e-09
1.247877e-08 1.236399e-08 1.254733e-08 1.110376e-08 1.167468e-08 1.049661e-08 1.163284e-08 1.133139e-08 1.146662e-08 9.220082e-09 8.338905e-09 1.041840e-08 8.678467e-09 8.048720e-09 9.465402e-09 8.456931e-09 9.419278e-09 7.315466e-09 6.493236e-09 6.135904e-09 6.435783e-09 4.208525e-09 4.545130e-09 5.703758e-09 2.936812e-09 6.511205e-09 3.246258e-09 5.168884e-09 4.404733e-09 4.104785e-09 3.117894e-09 5.961054e-10 1.946035e-10 7.293283e-10 3.000123e-09 2.664092e-10 2.545331e-10 -1.276762e-09 2.161731e-10 -7.460345e-10 -3.669581e-09 4.615664e-10 -1.462970e-09 -1.706081e-09 -1.749350e-09 -1.867040e-09 -1.315934e-09 -2.366467e-09 -1.359359e-09 -2.816189e-09 -3.491939e-09
1.419322e-08 1.130752e-08 1.141829e-08 1.103852e-08 1.247723e-08 1.008943e-08 1.149402e-08 1.002395e-08 8.774674e-09 8.857818e-09 9.345915e-09 8.721023e-09 9.073958e-09 7.411436e-09 7.389251e-09 6.667867e-09 8.583046e-09 6.021230e-09 6.334081e-09 4.382304e-09 7.900158e-09 6.538484e-09 6.409385e-09 5.130085e-09 3.989812e-09 3.741707e-09 2.988156e-09 4.317747e-09 4.600587e-09 1.617545e-09 4.371981e-09 2.171972e-09 1.984763e-09 8.884031e-10 2.165731e-10 1.469801e-09 1.938850e-09 -1.299039e-10 2.043884e-12 -8.134275e-10 1.129072e-09 -2.327821e-09 -1.062875e-09 -1.832350e-09 -3.740015e-10 -2.424684e-09 -3.793942e-10 -3.222879e-09 -3.477545e-09 -2.832802e-09 -1.815251e-09
1.196138e-08 1.299103e-08 1.135143e-08 1.157987e-08 1.160062e-08 1.150552e-08 1.076114e-08 1.103932e-08 9.699464e-09 8.643192e-09 8.129778e-09 9.585611e-09 7.879790e-09 8.487739e-09 8.022505e-09 6.606937e-09 8.077991e-09 5.493479e-09 5.576725e-09 5.754819e-09 5.123025e-09 5.124151e-09 4.854349e-09 4.349278e-09 3.094927e-09 3.921281e-09 3.841063e-09 3.943675e-09 1.182438e-09 2.050145e-09 2.569806e-09 3.008044e-09 2.145147e-09 2.467409e-09 2.391012e-09 1.171378e-09 -1.305902e-10 8.450438e-10 7.726735e-10 5.395706e-10 6.460254e-10 -1.500103e-09 -6.671904e-11 -9.050656e-10 -3.157353e-09 -3.734003e-09 -1.064080e-09 -1.434380e-09 -3.670654e-09 -9.126008e-10 -3.873445e-09
1.193011e-08 1.242535e-08 1.386876e-08 1.222956e-08 1.047990e-08 1.117229e-08 9.826254e-09 9.824860e-09 1.132726e-08 9.350297e-09 9.367286e-09 1.075747e-08 1.020897e-08 7.046769e-09 7.095950e-09 8.226714e-09 7.866505e-09 7.360470e-09 4.557395e-09 4.351554e-09 5.123688e-09 5.633743e-09 5.865793e-09 5.022050e-09 4.837715e-09 4.433127e-09 5.218054e-09 2.304060e-09 1.271881e-09 3.294727e-09 2.981048e-09 1.336150e-09 2.003839e-09 -1.721913e-09 1.760807e-09 2.480969e-09 -8.547463e-10 5.964181e-10 -2.417557e-09 -2.164113e-11 2.669847e-10 -1.307945e-09 -1.327085e-09 -1.946776e-09 -1.682865e-09 -2.395642e-09 -1.127075e-09 -3.844446e-09 -2.929920e-09 -2.811097e-09 -2.443121e-09
1.235842e-08 1.154871e-08 1.200529e-08 1.191419e-08 1.098211e-08 9.846786e-09 9.891651e-09 1.063894e-08 1.037543e-08 9.947294e-09 8.830479e-09 7.593916e-09 8.473929e-09 1.071191e-08 8.628176e-09 7.067845e-09 7.047259e-09 5.601624e-09 7.274290e-09 5.809094e-09 7.816104e-09 4.753838e-09 7.212309e-09 4.195655e-09 2.919158e-09 3.207316e-09 3.773497e-09 4.422585e-09 4.830730e-09 2.220032e-09 2.230645e-09 2.992717e-09 5.608098e-10 1.968572e-09 1.872474e-09 2.732109e-09 1.643480e-10 5.103500e-10 9.545151e-10 1.501115e-09 -3.145323e-10 1.823064e-10 -1.351528e-09 -2.899975e-09 -1.263187e-09 -3.551774e-09 -1.978004e-09 -1.938635e-09 -1.527013e-09 -5.092582e-09 -3.572784e-09
1.150648e-08 1.254641e-08 1.136883e-08 1.267675e-08 1.112537e-08 1.076222e-08 1.041427e-08 1.135899e-08 8.774520e-09 8.704258e-09 9.090299e-09 8.700553e-09 9.753645e-09 7.897447e-09 7.614603e-09 6.781091e-09 7.003344e-09 7.241083e-09 4.714064e-09 6.871002e-09 5.889012e-09 6.306599e-09 4.646163e-09 4.514096e-09 3.847866e-09 4.639091e-09 3.299341e-09 2.313187e-09 4.209424e-09 2.127025e-09 2.361071e-09 1.281676e-09 3.714905e-10 2.000920e-09 2.482686e-09 1.833846e-09 1.849599e-10 -1.897141e-10 4.639753e-11 -8.065128e-10 -7.618978e-10 2.911849e-10 -1.128727e-09 -9.214308e-10 -3.027994e-09 -3.201256e-09 -2.233873e-09 -3.668323e-09 -2.432345e-09 -4.760457e-09 -3.282849e-09
1.214997e-08 1.212461e-08 1.155607e-08 1.065455e-08 1.261172e-08 1.110316e-08 1.078765e-08 1.109802e-08 1.070115e-08 1.037658e-08 9.372848e-09 8.933618e-09 8.897345e-09 6.669588e-09 9.663281e-09 8.271959e-09 8.431871e-09 5.202632e-09 7.707868e-09 6.352230e-09 4.857090e-09 4.444859e-09 4.757422e-09 4.284500e-09 3.924897e-09 4.772283e-09 3.902169e-09 3.616513e-09 1.855788e-09 3.411378e-09 4.103131e-09 1.236619e-09 1.661539e-09 6.628184e-10 5.228945e-11 9.791045e-10 5.247809e-10 3.007031e-10 -8.309056e-10 1.157443e-10 -7.632041e-10 6.822026e-10 -4.375421e-09 -7.299648e-10 -3.222772e-09 2.951083e-10 -1.258822e-09 -1.533810e-09 -2.833154e-09 -3.929377e-09 -4.585702e-09
1.387178e-08 1.154112e-08 1.243091e-08 1.072127e-08 1.201863e-08 1.154613e-08 1.162735e-08 8.864215e-09 9.254030e-09 1.053374e-08 9.232868e-09 7.421404e-09 8.744216e-09 6.889479e-09 7.284764e-09 8.399092e-09 5.636343e-09 7.481053e-09 6.686135e-09 5.325683e-09 7.570280e-09 4.325186e-09 5.359299e-09 5.565740e-09 4.149094e-09 4.502694e-09 4.503362e-09 3.664453e-09 3.758868e-09 3.881123e-09 1.225085e-09 9.451965e-10 8.579380e-10 1.592153e-09 1.259189e-09 -9.565201e-11 9.065687e-10 2.207395e-09 8.928079e-10 -1.621105e-09 -1.026272e-09 2.400643e-10 -2.439332e-09 -4.314158e-10 -2.411624e-09 -2.803053e-09 -3.163518e-09 -1.465591e-09 -3.042356e-09 -2.743368e-09 -5.503662e-09
1.162203e-08 1.227425e-08 1.147353e-08 1.121628e-08 1.005978e-08 1.114170e-08 1.014845e-08 1.096802e-08 1.000025e-08 9.294760e-09 9.424530e-09 8.804244e-09 8.146499e-09 7.905633e-09 7.102096e-09 7.074472e-09 6.909613e-09 6.385729e-09 6.985267e-09 6.255288e-09 5.145957e-09 6.824866e-09 5.492943e-09 5.242617e-09 2.872237e-09 3.580312e-09 2.461228e-09 4.687056e-09 2.965358e-09 3.353491e-09 8.012358e-10 2.570272e-09 1.950263e-09 5.369578e-10 2.321462e-09 8.024750e-10 4.829565e-10 -3.550911e-10 1.026632e-10 -2.569438e-10 1.697570e-10 4.802764e-10 -3.562755e-09 -9.588534e-10 -2.534733e-10 -2.482705e-09 -1.833250e-09 -3.081539e-09 -4.434169e-09 -4.525026e-09 -4.873697e-09
1.188436e-08 1.221114e-08 1.110541e-08 1.170227e-08 1.016127e-08 1.092399e-08 8.936062e-09 1.057044e-08 1.027397e-08 9.075491e-09 8.940809e-09 9.122838e-09 7.820548e-09 7.062936e-09 7.538381e-09 7.876595e-09 6.424331e-09 5.904390e-09 5.926294e-09 8.162325e-09 5.087273e-09 5.121545e-09 5.491415e-09 5.051582e-09 3.659764e-09 4.198129e-09 3.094067e-09 5.658103e-09 3.498902e-09 3.154561e-09 1.781125e-09 2.223575e-09 2.566448e-09 1.785540e-09 1.431830e-09 -2.197060e-10 -1.014402e-09 7.200795e-10 5.943452e-10 -1.686628e-10 1.351342e-09 -6.094923e-10 8.342191e-10 -3.434827e-10 -2.759491e-09 -1.794015e-09 -2.268489e-09 1.407207e-10 -2.698348e-09 -2.733046e-09 -3.798987e-09
1.330894e-08 1.109498e-08 1.189539e-08 1.043551e-08 1.143865e-08 1.188853e-08 9.265859e-09 9.093581e-09 9.739687e-09 8.954829e-09 8.938684e-09 9.419242e-09 8.744654e-09 8.038434e-09 7.561588e-09 6.369266e-09 7.100071e-09 5.986814e-09 4.607211e-09 5.993539e-09 4.119675e-09 4.591245e-09 3.788936e-09 4.800463e-09 4.374975e-09 5.922626e-09 3.037866e-09 2.607838e-09 1.922672e-09 3.420470e-09 3.062764e-09 1.351582e-09 2.360372e-09 1.765118e-09 3.147867e-09 3.741953e-10 1.361962e-10 -1.411860e-10 -1.109387e-10 -4.949439e-10 -1.011523e-09 -1.905255e-09 -3.883398e-10 -1.652121e-09 -1.447419e-09 -1.012645e-09 -2.708415e-09 -3.378084e-09 -2.499251e-09 -4.095355e-09 -2.879652e-09
1.215940e-08 1.257215e-08 1.159874e-08 1.086236e-08 9.832083e-09 1.114754e-08 1.009807e-08 9.619161e-09 1.137066e-08 8.823598e-09 8.862789e-09 7.431791e-09 8.605350e-09 8.051690e-09 8.630096e-09 6.204704e-09 6.973644e-09 7.080132e-09 5.743770e-09 6.346573e-09 5.354890e-09 4.284410e-09 3.616063e-09 5.942012e-09 4.435036e-09 3.313701e-09 3.568791e-09 2.244038e-09 3.527588e-09 2.210635e-09 1.810673e-09 1.866849e-09 3.172994e-09 -3.394812e-10 2.377580e-09 -1.545081e-09 -8.544987e-10 2.248100e-09 1.545876e-09 -1.682054e-10 -8.831844e-10 1.075658e-09 -1.113809e-09 -2.844372e-09 -1.105938e-09 -1.463275e-09 -1.750332e-09 -3.780252e-09 -2.020083e-09 -5.103123e-09 -2.373111e-09
1.179980e-08 1.079816e-08 1.302133e-08 1.131812e-08 1.159648e-08 1.174821e-08 9.148091e-09 1.023452e-08 1.034982e-08 8.585313e-09 8.894079e-09 8.643926e-09 6.890883e-09 7.773578e-09 7.533793e-09 7.386564e-09 7.843017e-09 6.651293e-09 5.109165e-09 5.036651e-09 8.542299e-09 3.893611e-09 3.538615e-09 3.726817e-09 3.993704e-09 3.287010e-09 4.017866e-09 1.997106e-09 4.956190e-09 1.595171e-09 1.885893e-09 2.740823e-09 4.270688e-09 1.779930e-09 -4.467436e-10 -7.887570e-10 9.747220e-10 1.168154e-09 8.889953e-10 -3.961026e-10 1.854276e-11 -6.504011e-11 -1.175252e-09 -1.067505e-09 -4.205736e-10 -3.444946e-10 -3.431756e-09 -2.842106e-09 -2.582247e-09 -1.526536e-09 -2.641728e-09
