data/gps2f_nb_force_rot_Z.grd
DSAA
361 181
-180 180
-90 90
-2.297544e-08 1.937016e-08
[rows 23 to 45 of 181, columns 100 to 149 of 361]
1.624287e-08 1.578466e-08 1.663775e-08 1.670243e-08 1.588846e-08 1.615804e-08 1.543600e-08 1.659154e-08 1.587554e-08 1.590787e-08 1.602801e-08 1.687719e-08 1.559662e-08 1.616402e-08 1.644074e-08 1.594589e-08 1.715529e-08 1.597141e-08 1.624882e-08 1.508873e-08 1.726030e-08 1.712085e-08 1.609685e-08 1.740033e-08 1.665256e-08 1.801280e-08 1.662640e-08 1.687318e-08 1.657822e-08 1.626629e-08 1.705661e-08 1.696557e-08 1.597729e-08 1.795950e-08 1.693354e-08 1.629250e-08 1.562030e-08 1.760983e-08 1.706364e-08 1.713418e-08 1.642494e-08 1.764601e-08 1.718261e-08 1.816949e-08 1.653648e-08 1.700422e-08 1.715511e-08 1.731024e-08 1.652973e-08 1.706158e-08
1.522406e-08 1.557422e-08 1.690325e-08 1.589905e-08 1.667703e-08 1.504273e-08 1.715282e-08 1.608704e-08 1.530051e-08 1.646931e-08 1.647947e-08 1.628353e-08 1.673473e-08 1.698970e-08 1.636379e-08 1.629130e-08 1.605907e-08 1.603279e-08 1.569890e-08 1.649033e-08 1.644945e-08 1.640486e-08 1.599631e-08 1.609658e-08 1.604143e-08 1.690590e-08 1.640208e-08 1.737446e-08 1.683133e-08 1.818075e-08 1.597261e-08 1.766182e-08 1.795597e-08 1.719232e-08 1.603702e-08 1.754737e-08 1.684159e-08 1.767799e-08 1.717950e-08 1.712306e-08 1.714342e-08 1.666501e-08 1.725793e-08 1.798823e-08 1.585059e-08 1.673015e-08 1.718546e-08 1.574636e-08 1.640030e-08 1.743330e-08
1.608487e-08 1.620023e-08 1.617531e-08 1.653394e-08 1.690150e-08 1.613462e-08 1.591027e-08 1.763255e-08 1.709536e-08 1.669767e-08 1.649056e-08 1.533969e-08 1.599340e-08 1.633457e-08 1.637353e-08 1.572088e-08 1.631611e-08 1.598926e-08 1.687307e-08 1.689551e-08 1.715515e-08 1.712280e-08 1.707399e-08 1.724280e-08 1.693209e-08 1.740152e-08 1.753744e-08 1.694125e-08 1.669715e-08 1.786134e-08 1.723813e-08 1.699475e-08 1.649543e-08 1.700524e-08 1.573222e-08 1.705558e-08 1.675564e-08 1.746448e-08 1.802441e-08 1.793300e-08 1.584312e-08 1.809272e-08 1.593469e-08 1.761660e-08 1.681402e-08 1.659471e-08 1.731789e-08 1.604472e-08 1.663115e-08 1.823314e-08
1.625068e-08 1.707444e-08 1.619517e-08 1.636230e-08 1.569042e-08 1.605120e-08 1.665707e-08 1.597136e-08 1.578293e-08 1.682017e-08 1.499745e-08 1.704032e-08 1.625966e-08 1.566776e-08 1.687192e-08 1.619970e-08 1.767081e-08 1.629231e-08 1.545942e-08 1.766509e-08 1.652960e-08 1.724784e-08 1.611302e-08 1.716424e-08 1.671890e-08 1.615906e-08 1.635098e-08 1.608544e-08 1.737850e-08 1.661969e-08 1.666112e-08 1.612527e-08 1.726425e-08 1.766628e-08 1.756396e-08 1.655936e-08 1.690900e-08 1.734384e-08 1.600909e-08 1.685204e-08 1.702523e-08 1.644820e-08 1.724791e-08 1.685058e-08 1.642970e-08 1.583683e-08 1.612567e-08 1.696314e-08 1.687389e-08 1.675826e-08
1.671320e-08 1.590958e-08 1.684822e-08 1.603728e-08 1.620373e-08 1.587881e-08 1.548799e-08 1.671412e-08 1.569505e-08 1.702056e-08 1.589171e-08 1.632203e-08 1.666145e-08 1.656761e-08 1.671491e-08 1.553313e-08 1.576663e-08 1.523516e-08 1.729931e-08 1.655655e-08 1.597355e-08 1.671539e-08 1.725427e-08 1.624251e-08 1.729160e-08 1.663351e-08 1.709890e-08 1.707970e-08 1.700707e-08 1.616862e-08 1.659153e-08 1.848410e-08 1.739455e-08 1.700864e-08 1.613920e-08 1.630823e-08 1.662361e-08 1.668892e-08 1.696764e-08 1.628851e-08 1.755273e-08 1.667052e-08 1.749857e-08 1.769352e-08 1.666430e-08 1.568985e-08 1.734659e-08 1.657650e-08 1.776435e-08 1.561852e-08
1.677850e-08 1.665130e-08 1.589636e-08 1.594341e-08 1.642998e-08 1.809227e-08 1.613096e-08 1.575324e-08 1.662355e-08 1.589666e-08 1.626301e-08 1.605791e-08 1.711092e-08 1.531125e-08 1.583212e-08 1.504563e-08 1.568365e-08 1.662102e-08 1.599119e-08 1.627825e-08 1.595585e-08 1.671204e-08 1.710418e-08 1.630308e-08 1.647171e-08 1.708471e-08 1.636000e-08 1.710303e-08 1.715847e-08 1.651364e-08 1.631622e-08 1.594625e-08 1.736529e-08 1.682442e-08 1.702050e-08 1.689946e-08 1.639336e-08 1.799539e-08 1.625287e-08 1.597178e-08 1.586396e-08 1.666784e-08 1.728115e-08 1.700384e-08 1.619842e-08 1.742862e-08 1.733297e-08 1.813934e-08 1.761846e-08 1.790568e-08
1.546578e-08 1.547809e-08 1.507815e-08 1.616210e-08 1.672089e-08 1.689487e-08 1.748543e-08 1.634506e-08 1.626753e-08 1.597014e-08 1.683006e-08 1.619652e-08 1.582968e-08 1.576169e-08 1.592644e-08 1.690939e-08 1.756185e-08 1.719364e-08 1.724233e-08 1.660607e-08 1.702991e-08 1.657266e-08 1.623686e-08 1.669748e-08 1.591281e-08 1.676281e-08 1.585520e-08 1.752123e-08 1.703093e-08 1.605740e-08 1.723396e-08 1.717889e-08 1.814039e-08 1.679804e-08 1.729488e-08 1.721521e-08 1.665347e-08 1.710650e-08 1.807100e-08 1.710511e-08 1.582197e-08 1.652350e-08 1.646565e-08 1.815653e-08 1.684003e-08 1.610375e-08 1.664869e-08 1.596741e-08 1.707130e-08 1.649666e-08
1.514680e-08 1.640308e-08 1.522206e-08 1.621611e-08 1.610000e-08 1.564007e-08 1.616439e-08 1.514828e-08 1.599871e-08 1.571121e-08 1.585408e-08 1.576722e-08 1.540343e-08 1.706231e-08 1.597428e-08 1.691875e-08 1.599046e-08 1.707988e-08 1.702649e-08 1.727526e-08 1.640338e-08 1.608154e-08 1.666437e-08 1.631702e-08 1.676660e-08 1.628226e-08 1.639810e-08 1.628231e-08 1.650480e-08 1.637161e-08 1.671529e-08 1.751508e-08 1.796014e-08 1.697509e-08 1.653502e-08 1.710982e-08 1.706181e-08 1.748129e-08 1.742284e-08 1.620999e-08 1.789305e-08 1.651707e-08 1.645487e-08 1.613848e-08 1.672915e-08 1.718694e-08 1.678558e-08 1.689428e-08 1.624321e-08 1.602793e-08
1.495602e-08 1.634279e-08 1.571977e-08 1.668276e-08 1.535122e-08 1.594319e-08 1.524245e-08 1.596278e-08 1.662126e-08 1.586639e-08 1.628981e-08 1.623186e-08 1.566121e-08 1.630504e-08 1.602918e-08 1.708111e-08 1.591237e-08 1.628443e-08 1.642733e-08 1.760037e-08 1.609129e-08 1.564363e-08 1.670410e-08 1.610722e-08 1.747326e-08 1.762597e-08 1.671842e-08 1.632667e-08 1.755596e-08 1.690780e-08 1.663248e-08 1.667851e-08 1.621999e-08 1.730160e-08 1.588095e-08 1.695492e-08 1.699442e-08 1.710968e-08 1.664151e-08 1.728462e-08 1.671477e-08 1.697627e-08 1.604989e-08 1.690645e-08 1.684155e-08 1.630374e-08 1.714782e-08 1.702239e-08 1.626266e-08 1.700401e-08
1.511493e-08 1.572486e-08 1.438981e-08 1.584319e-08 1.554130e-08 1.610523e-08 1.649242e-08 1.568639e-08 1.653201e-08 1.712542e-08 1.646217e-08 1.677436e-08 1.627816e-08 1.556476e-08 1.575092e-08 1.625670e-08 1.585996e-08 1.598504e-08 1.615965e-08 1.627349e-08 1.587806e-08 1.622800e-08 1.637621e-08 1.615563e-08 1.660699e-08 1.633872e-08 1.609771e-08 1.698812e-08 1.589341e-08 1.658125e-08 1.687980e-08 1.719883e-08 1.704978e-08 1.737781e-08 1.732820e-08 1.632209e-08 1.591973e-08 1.737663e-08 1.671754e-08 1.845341e-08 1.731442e-08 1.620122e-08 1.592055e-08 1.669130e-08 1.554975e-08 1.589877e-08 1.644183e-08 1.599739e-08 1.808444e-08 1.689979e-08
1.528696e-08 1.570590e-08 1.540537e-08 1.605430e-08 1.503056e-08 1.567521e-08 1.634605e-08 1.478719e-08 1.572970e-08 1.674168e-08 1.550558e-08 1.661765e-08 1.576082e-08 1.660244e-08 1.557326e-08 1.540452e-08 1.598018e-08 1.595909e-08 1.613672e-08 1.580617e-08 1.607226e-08 1.579616e-08 1.662669e-08 1.634563e-08 1.558220e-08 1.680601e-08 1.650098e-08 1.698082e-08 1.675314e-08 1.715259e-08 1.699800e-08 1.707612e-08 1.651122e-08 1.735110e-08 1.743115e-08 1.694039e-08 1.751660e-08 1.671984e-08 1.663337e-08 1.576176e-08 1.645939e-08 1.703395e-08 1.695571e-08 1.799956e-08 1.711614e-08 1.614709e-08 1.636982e-08 1.647643e-08 1.746509e-08 1.742581e-08
1.510783e-08 1.496699e-08 1.493015e-08 1.703698e-08 1.606755e-08 1.606541e-08 1.615014e-08 1.528174e-08 1.673399e-08 1.606595e-08 1.566635e-08 1.653578e-08 1.557498e-08 1.550751e-08 1.570749e-08 1.516729e-08 1.607671e-08 1.648334e-08 1.658385e-08 1.618403e-08 1.611774e-08 1.649490e-08 1.668544e-08 1.585136e-08 1.698821e-08 1.668789e-08 1.591441e-08 1.713598e-08 1.663045e-08 1.557098e-08 1.583125e-08 1.611103e-08 1.586053e-08 1.601363e-08 1.736675e-08 1.711430e-08 1.650412e-08 1.592982e-08 1.626353e-08 1.686334e-08 1.592996e-08 1.739042e-08 1.787196e-08 1.599625e-08 1.751657e-08 1.684974e-08 1.660191e-08 1.700048e-08 1.676455e-08 1.716551e-08
1.486093e-08 1.474319e-08 1.530447e-08 1.485332e-08 1.555832e-08 1.604028e-08 1.464551e-08 1.571260e-08 1.589590e-08 1.627605e-08 1.656039e-08 1.596480e-08 1.627579e-08 1.609662e-08 1.554710e-08 1.610653e-08 1.570296e-08 1.671865e-08 1.609407e-08 1.685655e-08 1.656181e-08 1.796243e-08 1.658330e-08 1.528612e-08 1.541807e-08 1.700775e-08 1.562094e-08 1.623125e-08 1.596996e-08 1.620209e-08 1.690145e-08 1.695336e-08 1.725455e-08 1.656651e-08 1.614956e-08 1.643159e-08 1.623332e-08 1.654313e-08 1.630207e-08 1.615028e-08 1.574166e-08 1.603083e-08 1.667315e-08 1.560804e-08 1.625446e-08 1.737865e-08 1.733204e-08 1.814242e-08 1.715060e-08 1.603823e-08
1.484306e-08 1.555707e-08 1.603749e-08 1.477821e-08 1.503963e-08 1.514980e-08 1.645601e-08 1.601608e-08 1.522292e-08 1.573662e-08 1.467847e-08 1.604928e-08 1.567299e-08 1.535929e-08 1.602645e-08 1.670946e-08 1.492137e-08 1.475246e-08 1.769007e-08 1.596432e-08 1.625268e-08 1.603880e-08 1.621361e-08 1.680452e-08 1.578644e-08 1.717811e-08 1.589070e-08 1.566082e-08 1.722503e-08 1.684411e-08 1.581524e-08 1.651414e-08 1.636855e-08 1.630347e-08 1.729279e-08 1.700722e-08 1.644123e-08 1.586680e-08 1.679134e-08 1.662412e-08 1.673349e-08 1.605291e-08 1.632796e-08 1.559484e-08 1.613682e-08 1.597651e-08 1.623239e-08 1.748624e-08 1.698874e-08 1.670880e-08
1.438880e-08 1.458326e-08 1.552981e-08 1.644714e-08 1.512235e-08 1.478001e-08 1.474989e-08 1.617173e-08 1.585405e-08 1.491677e-08 1.614504e-08 1.576628e-08 1.473484e-08 1.537795e-08 1.510476e-08 1.656692e-08 1.629452e-08 1.623360e-08 1.615290e-08 1.616607e-08 1.547094e-08 1.620010e-08 1.607398e-08 1.568874e-08 1.548764e-08 1.594201e-08 1.636008e-08 1.627908e-08 1.577382e-08 1.597902e-08 1.530072e-08 1.632527e-08 1.607044e-08 1.664059e-08 1.682077e-08 1.759934e-08 1.530766e-08 1.510429e-08 1.700710e-08 1.713194e-08 1.656906e-08 1.619991e-08 1.707718e-08 1.662538e-08 1.589477e-08 1.561853e-08 1.609571e-08 1.633784e-08 1.707007e-08 1.519347e-08
1.516222e-08 1.456880e-08 1.554286e-08 1.424492e-08 1.499469e-08 1.503934e-08 1.507572e-08 1.502224e-08 1.579714e-08 1.485680e-08 1.608725e-08 1.501986e-08 1.647492e-08 1.569493e-08 1.658361e-08 1.704668e-08 1.525878e-08 1.539962e-08 1.721064e-08 1.534470e-08 1.564197e-08 1.579412e-08 1.717860e-08 1.596802e-08 1.679616e-08 1.596554e-08 1.560050e-08 1.572627e-08 1.668273e-08 1.605884e-08 1.565516e-08 1.652903e-08 1.610171e-08 1.669346e-08 1.613448e-08 1.663340e-08 1.615959e-08 1.682024e-08 1.630971e-08 1.590434e-08 1.683894e-08 1.627653e-08 1.573445e-08 1.637600e-08 1.545560e-08 1.678358e-08 1.640069e-08 1.635197e-08 1.544331e-08 1.615151e-08
1.381181e-08 1.435533e-08 1.423030e-08 1.425433e-08 1.523021e-08 1.540746e-08 1.417863e-08 1.505985e-08 1.486946e-08 1.561301e-08 1.581478e-08 1.609394e-08 1.560326e-08 1.547488e-08 1.495721e-08 1.544742e-08 1.549282e-08 1.650962e-08 1.639703e-08 1.645047e-08 1.548359e-08 1.554422e-08 1.624039e-08 1.566280e-08 1.634863e-08 1.630884e-08 1.599807e-08 1.621020e-08 1.533596e-08 1.621773e-08 1.571164e-08 1.516609e-08 1.582926e-08 1.606320e-08 1.683626e-08 1.692460e-08 1.588991e-08 1.610778e-08 1.597174e-08 1.656659e-08 1.570111e-08 1.524897e-08 1.615393e-08 1.489657e-08 1.723804e-08 1.593340e-08 1.589176e-08 1.589912e-08 1.564861e-08 1.528384e-08
1.471147e-08 1.475345e-08 1.368158e-08 1.417879e-08 1.462125e-08 1.445794e-08 1.414436e-08 1.580307e-08 1.457871e-08 1.428180e-08 1.671293e-08 1.482022e-08 1.480152e-08 1.467496e-08 1.661550e-08 1.603642e-08 1.540315e-08 1.514385e-08 1.625699e-08 1.525762e-08 1.502383e-08 1.505196e-08 1.581360e-08 1.581575e-08 1.643255e-08 1.509489e-08 1.575228e-08 1.576244e-08 1.622675e-08 1.616544e-08 1.566612e-08 1.539075e-08 1.527008e-08 1.518950e-08 1.550579e-08 1.661415e-08 1.552127e-08 1.593844e-08 1.558596e-08 1.651779e-08 1.634154e-08 1.574701e-08 1.678126e-08 1.626507e-08 1.521060e-08 1.557550e-08 1.502668e-08 1.492165e-08 1.602389e-08 1.508135e-08
1.497005e-08 1.491445e-08 1.572576e-08 1.509177e-08 1.426291e-08 1.597090e-08 1.462526e-08 1.512825e-08 1.524588e-08 1.379033e-08 1.482339e-08 1.500580e-08 1.562212e-08 1.595319e-08 1.482307e-08 1.644903e-08 1.484157e-08 1.542323e-08 1.534958e-08 1.471968e-08 1.683278e-08 1.509944e-08 1.556011e-08 1.615677e-08 1.653889e-08 1.576108e-08 1.599279e-08 1.600254e-08 1.536034e-08 1.639840e-08 1.725750e-08 1.553042e-08 1.693378e-08 1.579244e-08 1.652915e-08 1.539125e-08 1.606001e-08 1.577944e-08 1.586884e-08 1.554830e-08 1.554404e-08 1.513938e-08 1.549816e-08 1.535142e-08 1.715595e-08 1.574784e-08 1.658190e-08 1.629184e-08 1.505427e-08 1.603622e-08
1.331833e-08 1.349996e-08 1.337879e-08 1.400562e-08 1.482547e-08 1.414558e-08 1.418890e-08 1.536455e-08 1.466066e-08 1.485806e-08 1.355093e-08 1.467966e-08 1.460177e-08 1.485054e-08 1.522950e-08 1.456787e-08 1.448742e-08 1.510954e-08 1.585742e-08 1.738715e-08 1.556022e-08 1.523591e-08 1.559310e-08 1.498339e-08 1.478313e-08 1.673395e-08 1.469349e-08 1.452107e-08 1.506197e-08 1.442117e-08 1.483516e-08 1.567633e-08 1.546868e-08 1.520898e-08 1.592936e-08 1.608667e-08 1.457238e-08 1.621268e-08 1.621205e-08 1.616384e-08 1.515790e-08 1.518729e-08 1.520571e-08 1.505300e-08 1.665160e-08 1.595967e-08 1.626326e-08 1.596855e-08 1.519015e-08 1.483685e-08
1.298695e-08 1.474725e-08 1.381842e-08 1.475643e-08 1.457393e-08 1.460552e-08 1.381243e-08 1.493228e-08 1.386788e-08 1.367655e-08 1.404027e-08 1.409665e-08 1.391331e-08 1.441783e-08 1.457721e-08 1.478600e-08 1.431164e-08 1.456791e-08 1.500926e-08 1.476258e-08 1.502922e-08 1.518511e-08 1.565810e-08 1.576006e-08 1.502722e-08 1.443087e-08 1.452229e-08 1.527943e-08 1.602747e-08 1.480705e-08 1.508098e-08 1.548123e-08 1.558090e-08 1.535405e-08 1.610901e-08 1.635314e-08 1.519461e-08 1.584903e-08 1.457706e-08 1.506296e-08 1.504946e-08 1.570208e-08 1.449793e-08 1.534620e-08 1.510646e-08 1.474926e-08 1.535664e-08 1.490906e-08 1.568053e-08 1.476683e-08
1.322852e-08 1.286918e-08 1.432590e-08 1.397327e-08 1.396895e-08 1.319118e-08 1.495134e-08 1.427546e-08 1.470232e-08 1.556594e-08 1.433751e-08 1.536869e-08 1.417459e-08 1.464244e-08 1.473187e-08 1.456321e-08 1.503891e-08 1.378226e-08 1.610071e-08 1.452005e-08 1.536240e-08 1.489308e-08 1.491975e-08 1.631810e-08 1.438985e-08 1.433286e-08 1.516553e-08 1.518219e-08 1.501004e-08 1.458966e-08 1.444563e-08 1.524042e-08 1.535785e-08 1.518962e-08 1.561382e-08 1.578532e-08 1.468823e-08 1.467075e-08 1.533984e-08 1.530456e-08 1.544046e-08 1.469722e-08 1.534308e-08 1.460076e-08 1.474216e-08 1.647026e-08 1.453485e-08 1.422437e-08 1.503389e-08 1.566115e-08
1.331007e-08 1.322940e-08 1.368238e-08 1.367006e-08 1.347561e-08 1.371506e-08 1.283125e-08 1.440231e-08 1.410202e-08 1.494494e-08 1.357939e-08 1.489359e-08 1.419931e-08 1.470051e-08 1.454315e-08 1.506382e-08 1.484521e-08 1.413419e-08 1.447700e-08 1.459091e-08 1.424635e-08 1.498261e-08 1.475310e-08 1.564350e-08 1.510155e-08 1.416829e-08 1.545791e-08 1.445443e-08 1.443855e-08 1.526534e-08 1.546484e-08 1.456573e-08 1.483870e-08 1.641109e-08 1.482396e-08 1.545940e-08 1.458855e-08 1.524293e-08 1.563783e-08 1.551767e-08 1.511051e-08 1.502803e-08 1.545615e-08 1.389380e-08 1.446223e-08 1.543390e-08 1.461766e-08 1.458246e-08 1.430885e-08 1.472223e-08
