data/gps2f_nb_force_rot_Y.grd
DSAA
361 181
-180 180
-90 90
-2.186495e-08 2.176821e-08
[rows 92 to 114 of 181, columns 102 to 152 of 361]
1.880028e-08 1.695199e-08 1.838075e-08 1.811697e-08 1.720501e-08 1.688892e-08 1.753794e-08 1.759947e-08 1.765894e-08 1.795535e-08 1.917653e-08 1.856903e-08 1.868253e-08 2.000441e-08 1.665529e-08 1.885741e-08 1.795027e-08 1.716681e-08 1.637702e-08 1.770943e-08 1.791365e-08 1.750973e-08 1.674253e-08 1.635509e-08 1.590764e-08 1.568097e-08 1.765798e-08 1.566250e-08 1.654643e-08 1.499869e-08 1.365946e-08 1.482620e-08 1.344776e-08 1.426179e-08 1.404810e-08 1.442722e-08 1.224187e-08 1.221330e-08 1.331867e-08 1.216490e-08 1.182190e-08 1.047760e-08 1.205054e-08 1.085059e-08 1.076066e-08 9.973216e-09 9.674113e-09 8.768612e-09 9.209625e-09 8.788235e-09 7.391759e-09
1.850931e-08 1.990613e-08 1.788745e-08 1.879699e-08 1.903630e-08 1.782211e-08 1.949108e-08 1.904856e-08 1.689495e-08 1.881716e-08 1.944179e-08 1.947475e-08 1.848320e-08 1.752894e-08 1.876515e-08 1.778674e-08 1.806221e-08 1.646591e-08 1.828010e-08 1.684021e-08 1.711135e-08 1.647400e-08 1.666120e-08 1.734301e-08 1.607986e-08 1.595319e-08 1.658717e-08 1.577016e-08 1.555637e-08 1.493360e-08 1.560922e-08 1.456021e-08 1.422989e-08 1.333941e-08 1.319363e-08 1.322107e-08 1.303196e-08 1.336652e-08 1.231993e-08 1.220782e-08 1.165262e-08 1.216189e-08 1.334686e-08 1.075838e-08 1.131424e-08 9.415658e-09 1.014635e-08 9.575988e-09 9.852926e-09 8.510995e-09 8.527913e-09
1.843119e-08 1.883154e-08 1.873022e-08 1.860324e-08 1.865668e-08 1.653365e-08 1.877311e-08 1.887921e-08 1.903134e-08 1.876785e-08 1.791606e-08 1.838885e-08 1.889069e-08 1.838879e-08 1.869931e-08 1.858782e-08 1.743713e-08 1.799967e-08 1.694642e-08 1.753941e-08 1.660576e-08 1.750351e-08 1.625227e-08 1.724569e-08 1.537419e-08 1.598687e-08 1.704681e-08 1.555705e-08 1.519396e-08 1.524477e-08 1.547340e-08 1.402087e-08 1.403262e-08 1.372875e-08 1.416161e-08 1.367298e-08 1.395473e-08 1.204797e-08 1.236659e-08 1.223877e-08 1.206108e-08 1.239804e-08 1.138232e-08 1.206729e-08 1.088235e-08 1.024369e-08 1.012984e-08 8.808701e-09 9.303108e-09 7.939925e-09 8.358870e-09
1.783510e-08 1.824503e-08 1.754334e-08 1.981883e-08 1.994775e-08 1.863094e-08 1.837849e-08 1.961219e-08 1.893222e-08 1.976649e-08 1.895236e-08 1.830509e-08 1.943662e-08 1.842827e-08 1.879914e-08 1.833398e-08 1.731934e-08 1.873963e-08 1.793147e-08 1.763091e-08 1.732972e-08 1.722791e-08 1.689170e-08 1.717441e-08 1.679537e-08 1.804056e-08 1.633510e-08 1.559391e-08 1.542768e-08 1.479041e-08 1.569152e-08 1.701722e-08 1.415174e-08 1.383752e-08 1.544094e-08 1.384332e-08 1.447123e-08 1.256375e-08 1.228172e-08 1.264834e-08 1.193609e-08 1.258619e-08 1.146630e-08 1.076017e-08 1.153230e-08 9.441102e-09 1.052198e-08 9.976433e-09 9.636146e-09 9.383178e-09 8.533571e-09
1.785335e-08 1.968751e-08 1.895135e-08 2.051371e-08 1.722912e-08 1.924500e-08 1.807250e-08 1.859540e-08 1.825324e-08 1.916482e-08 1.956414e-08 1.915277e-08 1.848349e-08 1.874244e-08 1.931135e-08 1.896149e-08 1.809182e-08 1.837986e-08 1.885889e-08 1.869407e-08 1.825030e-08 1.783768e-08 1.633899e-08 1.771009e-08 1.826495e-08 1.538647e-08 1.569652e-08 1.733448e-08 1.641313e-08 1.647863e-08 1.432349e-08 1.470349e-08 1.438842e-08 1.426666e-08 1.420165e-08 1.468710e-08 1.327940e-08 1.298473e-08 1.309473e-08 1.329572e-08 1.128024e-08 1.299397e-08 1.346273e-08 1.165915e-08 1.067686e-08 1.112936e-08 9.649238e-09 1.036399e-08 9.458638e-09 8.687894e-09 8.662671e-09
1.806319e-08 1.942597e-08 1.909928e-08 1.902641e-08 1.937267e-08 2.041326e-08 1.759560e-08 1.863795e-08 1.840897e-08 1.909791e-08 1.973847e-08 1.894641e-08 1.835781e-08 1.877961e-08 1.872966e-08 1.779170e-08 1.838443e-08 1.881837e-08 1.850698e-08 1.764890e-08 1.752299e-08 1.802044e-08 1.717744e-08 1.726984e-08 1.814022e-08 1.614457e-08 1.648534e-08 1.580970e-08 1.550590e-08 1.572425e-08 1.428854e-08 1.456482e-08 1.583450e-08 1.385388e-08 1.472199e-08 1.356898e-08 1.440463e-08 1.297894e-08 1.325385e-08 1.306189e-08 1.363992e-08 1.157323e-08 1.298521e-08 1.116783e-08 1.153442e-08 9.957527e-09 9.845144e-09 1.023713e-08 1.066365e-08 9.302873e-09 8.584048e-09
1.911443e-08 1.807982e-08 1.987497e-08 1.854682e-08 1.928922e-08 1.853458e-08 2.035988e-08 1.880465e-08 1.930791e-08 1.954764e-08 2.068988e-08 2.048492e-08 1.921900e-08 1.936907e-08 1.756137e-08 1.877487e-08 1.912112e-08 1.817779e-08 1.759803e-08 1.816373e-08 1.795361e-08 1.793199e-08 1.798315e-08 1.771341e-08 1.658867e-08 1.678670e-08 1.668313e-08 1.667454e-08 1.632463e-08 1.590661e-08 1.525483e-08 1.498502e-08 1.729103e-08 1.469179e-08 1.339834e-08 1.382800e-08 1.421224e-08 1.253184e-08 1.415502e-08 1.263289e-08 1.206410e-08 1.131391e-08 1.189515e-08 1.103747e-08 1.040675e-08 9.597430e-09 1.017709e-08 9.345702e-09 9.983549e-09 9.335299e-09 8.698930e-09
2.058171e-08 1.882332e-08 1.912031e-08 1.960466e-08 1.920668e-08 1.852652e-08 1.913891e-08 1.882830e-08 1.911850e-08 1.941305e-08 1.994073e-08 1.984282e-08 1.821275e-08 1.964184e-08 1.871748e-08 1.759672e-08 1.806268e-08 1.815758e-08 1.823188e-08 1.805373e-08 1.826179e-08 1.815752e-08 1.893949e-08 1.600408e-08 1.651693e-08 1.620414e-08 1.706990e-08 1.775001e-08 1.654390e-08 1.651472e-08 1.687882e-08 1.545800e-08 1.564285e-08 1.367137e-08 1.454262e-08 1.423002e-08 1.555785e-08 1.275922e-08 1.292614e-08 1.395003e-08 1.259693e-08 1.347421e-08 1.136542e-08 1.165723e-08 1.050939e-08 1.229862e-08 9.554563e-09 1.065594e-08 9.712726e-09 9.425083e-09 9.182550e-09
1.987636e-08 2.123824e-08 1.916576e-08 2.025090e-08 1.983346e-08 1.841057e-08 1.950834e-08 1.966124e-08 1.922096e-08 1.882716e-08 2.100285e-08 1.964266e-08 2.013299e-08 1.984554e-08 1.947639e-08 1.808195e-08 1.898887e-08 1.934394e-08 1.916557e-08 1.830702e-08 1.775779e-08 1.776058e-08 1.707017e-08 1.601583e-08 1.828517e-08 1.689088e-08 1.696955e-08 1.570460e-08 1.716853e-08 1.697144e-08 1.486736e-08 1.547254e-08 1.403179e-08 1.448130e-08 1.432026e-08 1.335117e-08 1.397734e-08 1.411674e-08 1.291089e-08 1.232719e-08 1.259984e-08 1.168865e-08 1.224274e-08 1.069022e-08 1.066953e-08 1.152348e-08 1.031869e-08 1.101438e-08 9.640015e-09 9.267414e-09 9.603090e-09
1.870187e-08 1.981895e-08 1.877794e-08 1.955807e-08 1.895411e-08 1.874631e-08 1.969151e-08 1.986490e-08 1.821504e-08 2.010307e-08 1.954718e-08 1.879792e-08 1.824203e-08 1.926117e-08 1.860834e-08 1.834584e-08 1.940999e-08 1.785821e-08 1.710163e-08 1.793528e-08 1.710919e-08 1.801372e-08 1.686665e-08 1.719175e-08 1.658538e-08 1.717362e-08 1.696143e-08 1.650085e-08 1.577561e-08 1.615471e-08 1.645048e-08 1.440667e-08 1.472473e-08 1.599747e-08 1.410821e-08 1.596736e-08 1.426675e-08 1.337796e-08 1.213083e-08 1.233938e-08 1.158002e-08 1.304544e-08 1.232692e-08 1.136083e-08 1.158682e-08 1.139027e-08 1.065392e-08 1.105132e-08 1.002637e-08 1.015862e-08 1.069679e-08
1.959886e-08 1.906825e-08 1.892449e-08 2.053844e-08 1.976193e-08 1.929303e-08 1.951561e-08 2.026666e-08 1.826896e-08 1.972216e-08 1.984853e-08 1.967115e-08 1.961294e-08 1.879898e-08 2.009302e-08 2.034816e-08 1.765949e-08 2.013538e-08 1.777957e-08 1.841669e-08 1.765227e-08 1.866172e-08 1.820911e-08 1.889387e-08 1.642776e-08 1.545434e-08 1.665154e-08 1.706991e-08 1.678715e-08 1.563621e-08 1.641242e-08 1.570649e-08 1.483616e-08 1.507627e-08 1.539262e-08 1.502260e-08 1.469950e-08 1.470616e-08 1.302623e-08 1.207414e-08 1.204555e-08 1.228083e-08 1.349674e-08 1.116926e-08 1.317346e-08 9.755346e-09 9.456801e-09 1.025419e-08 1.074951e-08 1.062513e-08 9.554594e-09
2.042425e-08 2.176821e-08 1.836001e-08 1.823054e-08 1.951575e-08 1.958352e-08 2.011255e-08 1.901160e-08 1.884639e-08 2.031661e-08 2.008057e-08 1.976436e-08 1.918478e-08 1.894843e-08 1.890330e-08 1.827005e-08 2.027277e-08 1.840538e-08 1.821324e-08 1.845195e-08 1.738080e-08 1.807127e-08 1.654371e-08 1.760193e-08 1.630130e-08 1.664390e-08 1.616498e-08 1.571236e-08 1.581447e-08 1.542712e-08 1.584347e-08 1.539658e-08 1.489225e-08 1.561398e-08 1.486004e-08 1.417486e-08 1.449394e-08 1.501621e-08 1.301567e-08 1.299991e-08 1.324283e-08 1.280243e-08 1.160038e-08 1.079149e-08 1.185448e-08 1.095541e-08 9.773101e-09 1.001909e-08 1.099208e-08 9.795745e-09 1.064589e-08
1.966577e-08 1.897141e-08 1.975612e-08 1.828743e-08 2.044118e-08 1.957881e-08 1.919562e-08 1.930226e-08 1.930182e-08 1.867905e-08 1.903762e-08 1.800679e-08 1.919794e-08 1.862406e-08 1.886612e-08 1.837253e-08 1.918798e-08 1.785919e-08 1.937050e-08 1.760747e-08 1.877581e-08 1.814178e-08 1.898837e-08 1.681514e-08 1.830058e-08 1.725851e-08 1.685329e-08 1.575376e-08 1.572154e-08 1.524269e-08 1.543837e-08 1.554099e-08 1.495300e-08 1.440559e-08 1.408078e-08 1.491084e-08 1.459102e-08 1.452199e-08 1.434080e-08 1.489841e-08 1.330057e-08 1.248000e-08 1.173506e-08 1.203840e-08 1.102336e-08 9.773086e-09 1.144297e-08 1.154883e-08 9.093402e-09 9.859235e-09 9.968134e-09
1.978843e-08 1.992857e-08 1.998774e-08 1.997035e-08 2.174942e-08 1.847021e-08 2.009291e-08 2.059333e-08 1.933796e-08 2.008230e-08 1.903340e-08 1.766156e-08 2.101876e-08 1.922969e-08 1.948748e-08 1.914860e-08 1.799778e-08 1.813921e-08 1.911982e-08 1.925608e-08 1.898111e-08 1.814680e-08 1.810907e-08 1.756345e-08 1.755703e-08 1.822691e-08 1.750752e-08 1.566705e-08 1.584657e-08 1.648894e-08 1.596811e-08 1.472085e-08 1.562718e-08 1.454808e-08 1.467739e-08 1.391192e-08 1.432616e-08 1.371881e-08 1.378938e-08 1.281404e-08 1.338915e-08 1.257415e-08 1.168130e-08 1.120706e-08 1.006499e-08 1.127929e-08 1.013450e-08 1.113234e-08 9.777439e-09 9.388395e-09 1.042057e-08
1.970501e-08 1.898298e-08 1.978237e-08 2.034547e-08 2.048071e-08 2.036845e-08 2.092660e-08 1.948274e-08 2.053698e-08 1.992495e-08 2.041705e-08 1.786424e-08 1.960198e-08 1.875119e-08 2.063903e-08 1.943332e-08 1.842526e-08 1.839413e-08 1.903687e-08 1.884030e-08 1.811431e-08 1.810676e-08 1.780778e-08 1.657021e-08 1.718633e-08 1.670686e-08 1.593170e-08 1.541420e-08 1.647198e-08 1.602346e-08 1.687505e-08 1.623741e-08 1.503146e-08 1.556385e-08 1.507987e-08 1.386765e-08 1.396092e-08 1.450511e-08 1.455429e-08 1.292201e-08 1.161848e-08 1.413602e-08 1.345316e-08 1.149616e-08 1.174055e-08 1.106018e-08 9.877051e-09 9.995787e-09 8.944791e-09 9.096457e-09 9.203823e-09
1.888958e-08 1.935242e-08 1.979507e-08 2.021712e-08 1.877529e-08 1.888411e-08 1.877769e-08 1.953230e-08 1.999239e-08 1.897626e-08 1.979385e-08 2.010693e-08 2.089546e-08 1.917567e-08 1.935495e-08 1.865184e-08 1.814410e-08 1.942106e-08 1.944565e-08 1.783309e-08 1.760774e-08 1.927215e-08 1.741534e-08 1.762276e-08 1.644363e-08 1.666799e-08 1.737744e-08 1.681327e-08 1.581100e-08 1.627039e-08 1.530289e-08 1.575511e-08 1.579938e-08 1.397164e-08 1.342147e-08 1.458091e-08 1.415231e-08 1.503188e-08 1.246206e-08 1.375415e-08 1.299083e-08 1.298189e-08 1.276305e-08 1.204355e-08 1.057523e-08 9.861103e-09 9.096789e-09 9.937899e-09 9.162728e-09 8.378813e-09 7.600280e-09
1.988557e-08 2.075836e-08 2.109367e-08 1.925450e-08 2.016187e-08 2.044857e-08 2.029609e-08 1.941161e-08 1.965779e-08 1.875056e-08 1.955645e-08 1.856038e-08 1.982358e-08 2.016499e-08 2.011607e-08 1.935177e-08 1.925229e-08 1.885318e-08 1.755586e-08 1.826169e-08 1.821060e-08 1.786541e-08 1.702147e-08 1.656658e-08 1.715081e-08 1.704260e-08 1.575413e-08 1.718148e-08 1.618913e-08 1.505619e-08 1.678758e-08 1.520425e-08 1.539535e-08 1.508358e-08 1.448223e-08 1.354957e-08 1.490058e-08 1.406355e-08 1.261460e-08 1.219213e-08 1.335877e-08 1.230067e-08 1.326296e-08 1.114012e-08 1.219055e-08 1.064536e-08 1.119379e-08 9.471719e-09 9.668787e-09 1.094622e-08 1.062965e-08
1.992948e-08 1.944356e-08 1.939066e-08 1.969408e-08 2.058125e-08 1.976248e-08 2.079810e-08 1.962756e-08 1.996970e-08 1.988037e-08 1.956641e-08 1.898784e-08 1.898084e-08 1.946911e-08 1.877568e-08 1.900811e-08 1.862816e-08 1.966753e-08 1.767299e-08 1.947797e-08 1.792709e-08 1.897483e-08 1.806008e-08 1.717786e-08 1.581765e-08 1.621952e-08 1.654757e-08 1.605715e-08 1.655290e-08 1.653062e-08 1.626638e-08 1.504775e-08 1.434571e-08 1.419241e-08 1.408341e-08 1.340034e-08 1.416788e-08 1.334628e-08 1.265152e-08 1.416611e-08 1.333218e-08 1.157037e-08 1.191949e-08 1.208283e-08 1.173982e-08 1.178366e-08 1.059723e-08 1.047684e-08 9.254447e-09 1.036566e-08 8.731309e-09
1.907460e-08 2.097554e-08 1.917164e-08 1.983016e-08 1.920531e-08 1.961566e-08 2.175304e-08 2.002806e-08 1.914005e-08 1.934047e-08 1.995768e-08 1.868125e-08 1.837763e-08 2.088594e-08 1.990323e-08 1.878417e-08 1.900425e-08 1.857879e-08 1.796217e-08 1.752563e-08 1.862171e-08 1.766211e-08 1.688961e-08 1.747399e-08 1.714725e-08 1.691305e-08 1.768965e-08 1.708399e-08 1.567429e-08 1.523347e-08 1.590588e-08 1.524580e-08 1.410581e-08 1.556071e-08 1.367388e-08 1.436061e-08 1.347344e-08 1.467482e-08 1.531985e-08 1.428425e-08 1.444748e-08 1.214256e-08 1.196848e-08 1.244463e-08 1.135135e-08 1.085415e-08 1.045426e-08 9.786003e-09 1.058744e-08 1.046178e-08 9.586469e-09
1.993913e-08 1.935817e-08 1.982117e-08 1.841884e-08 2.022418e-08 1.986582e-08 1.885402e-08 1.926219e-08 1.962379e-08 1.995983e-08 1.850914e-08 1.999839e-08 1.888680e-08 1.921261e-08 1.822246e-08 1.885668e-08 1.892091e-08 1.816437e-08 1.771200e-08 1.794094e-08 1.679911e-08 1.877454e-08 1.711281e-08 1.871281e-08 1.735896e-08 1.660647e-08 1.613092e-08 1.622537e-08 1.618281e-08 1.508596e-08 1.517842e-08 1.475834e-08 1.554069e-08 1.564831e-08 1.336140e-08 1.351025e-08 1.437337e-08 1.307909e-08 1.295772e-08 1.455903e-08 1.382104e-08 1.148091e-08 1.237032e-08 1.235601e-08 1.243799e-08 1.113286e-08 1.213539e-08 1.028655e-08 1.032835e-08 1.082410e-08 9.154897e-09
1.945457e-08 1.976379e-08 1.837886e-08 1.956347e-08 1.863123e-08 1.998770e-08 2.056636e-08 1.846257e-08 2.017300e-08 1.935697e-08 1.911347e-08 1.958677e-08 1.853723e-08 1.946879e-08 1.848822e-08 1.856782e-08 1.946983e-08 1.807094e-08 1.821263e-08 1.824617e-08 1.787210e-08 1.769083e-08 1.727837e-08 1.793183e-08 1.734255e-08 1.733866e-08 1.777551e-08 1.685176e-08 1.573092e-08 1.613361e-08 1.414308e-08 1.437100e-08 1.501490e-08 1.452771e-08 1.516281e-08 1.441032e-08 1.412896e-08 1.299458e-08 1.237581e-08 1.263546e-08 1.223987e-08 1.156477e-08 1.209424e-08 1.110679e-08 1.075647e-08 1.077088e-08 1.120193e-08 9.240360e-09 1.017891e-08 9.857743e-09 9.432648e-09
1.902909e-08 1.945088e-08 1.976412e-08 2.055965e-08 1.923956e-08 1.996529e-08 1.974679e-08 1.806171e-08 1.855187e-08 1.888458e-08 1.860421e-08 1.965552e-08 1.839223e-08 1.962093e-08 1.940619e-08 1.859881e-08 1.864801e-08 1.740928e-08 1.793503e-08 1.810811e-08 1.864873e-08 1.735492e-08 1.695634e-08 1.788640e-08 1.634070e-08 1.588352e-08 1.571204e-08 1.577567e-08 1.487572e-08 1.522958e-08 1.610633e-08 1.425229e-08 1.563816e-08 1.530374e-08 1.462219e-08 1.351425e-08 1.428841e-08 1.333989e-08 1.281553e-08 1.341174e-08 1.174033e-08 1.322985e-08 1.221174e-08 1.199558e-08 1.180624e-08 1.114851e-08 1.044993e-08 9.444491e-09 1.023773e-08 8.305694e-09 9.003409e-09
1.997439e-08 1.999075e-08 1.883018e-08 1.917726e-08 1.918677e-08 2.011235e-08 1.923483e-08 1.916454e-08 1.869318e-08 1.992241e-08 1.852879e-08 1.835748e-08 1.783097e-08 1.938241e-08 1.847772e-08 1.913645e-08 1.906398e-08 1.710482e-08 1.783605e-08 1.960361e-08 1.714061e-08 1.647489e-08 1.752054e-08 1.568732e-08 1.668892e-08 1.631177e-08 1.786210e-08 1.544573e-08 1.518748e-08 1.471261e-08 1.453358e-08 1.521803e-08 1.380714e-08 1.483903e-08 1.366094e-08 1.289921e-08 1.404501e-08 1.240671e-08 1.364016e-08 1.311320e-08 1.307210e-08 1.084693e-08 1.167889e-08 1.325477e-08 1.148562e-08 1.007473e-08 1.102487e-08 1.199857e-08 9.928184e-09 8.028067e-09 8.525067e-09
