data/gps2f_nb_force_rot_X.grd
DSAA
361 181
-180 180
-90 90
-2.102955e-08 2.164204e-08
[rows 46 to 68 of 181, columns 306 to 356 of 361]
8.975731e-09 9.090810e-09 9.602119e-09 9.633260e-09 1.021720e-08 1.011492e-08 1.055817e-08 1.067508e-08 1.086070e-08 1.054722e-08 1.124941e-08 1.187102e-08 1.186340e-08 1.112640e-08 1.162177e-08 1.170682e-08 1.146985e-08 1.237984e-08 1.205621e-08 1.223635e-08 1.228846e-08 1.253154e-08 1.261649e-08 1.340514e-08 1.326244e-08 1.317550e-08 1.299291e-08 1.387750e-08 1.286797e-08 1.431553e-08 1.359028e-08 1.372918e-08 1.408750e-08 1.359061e-08 1.357612e-08 1.415047e-08 1.300411e-08 1.426040e-08 1.366286e-08 1.399077e-08 1.445969e-08 1.361595e-08 1.423630e-08 1.332776e-08 1.326758e-08 1.446109e-08 1.391695e-08 1.360165e-08 1.373402e-08 1.376103e-08 1.419405e-08
9.265066e-09 1.003539e-08 9.860343e-09 1.035742e-08 1.056921e-08 1.057336e-08 1.089571e-08 1.073123e-08 1.148106e-08 1.097923e-08 1.183625e-08 1.094757e-08 1.162013e-08 1.163077e-08 1.194890e-08 1.197603e-08 1.243467e-08 1.216461e-08 1.256740e-08 1.302179e-08 1.311408e-08 1.329890e-08 1.315395e-08 1.271019e-08 1.408957e-08 1.373351e-08 1.339474e-08 1.391756e-08 1.362377e-08 1.411528e-08 1.318194e-08 1.388575e-08 1.382043e-08 1.499161e-08 1.367293e-08 1.417525e-08 1.415534e-08 1.368725e-08 1.539777e-08 1.439685e-08 1.451150e-08 1.532744e-08 1.449073e-08 1.539676e-08 1.419861e-08 1.428348e-08 1.409218e-08 1.464670e-08 1.372772e-08 1.360360e-08 1.499749e-08
9.790959e-09 9.504016e-09 9.755190e-09 1.013453e-08 9.910994e-09 1.029259e-08 1.071991e-08 1.119321e-08 1.115951e-08 1.071701e-08 1.151537e-08 1.166022e-08 1.166338e-08 1.167564e-08 1.258353e-08 1.249463e-08 1.317733e-08 1.279092e-08 1.301625e-08 1.244443e-08 1.304416e-08 1.251790e-08 1.294096e-08 1.339639e-08 1.359969e-08 1.347244e-08 1.334294e-08 1.393590e-08 1.383332e-08 1.405521e-08 1.525191e-08 1.383333e-08 1.401791e-08 1.440368e-08 1.379869e-08 1.438022e-08 1.480920e-08 1.450316e-08 1.479227e-08 1.475462e-08 1.406519e-08 1.474643e-08 1.471014e-08 1.350350e-08 1.586010e-08 1.525565e-08 1.443288e-08 1.435991e-08 1.488882e-08 1.423640e-08 1.443272e-08
9.934571e-09 9.281577e-09 9.928026e-09 1.004377e-08 1.079992e-08 1.034991e-08 1.065731e-08 1.080476e-08 1.119310e-08 1.119543e-08 1.145616e-08 1.149779e-08 1.176060e-08 1.210215e-08 1.165664e-08 1.245842e-08 1.266050e-08 1.280613e-08 1.302609e-08 1.329787e-08 1.282095e-08 1.355835e-08 1.418235e-08 1.363325e-08 1.401423e-08 1.375514e-08 1.399121e-08 1.402580e-08 1.371903e-08 1.414023e-08 1.437367e-08 1.446603e-08 1.487939e-08 1.493159e-08 1.458217e-08 1.408981e-08 1.493943e-08 1.491765e-08 1.562154e-08 1.461166e-08 1.439036e-08 1.453835e-08 1.394604e-08 1.503804e-08 1.461146e-08 1.399578e-08 1.425527e-08 1.497803e-08 1.530115e-08 1.536795e-08 1.414009e-08
9.818909e-09 1.088463e-08 9.921407e-09 1.007015e-08 1.046320e-08 1.078540e-08 1.063452e-08 1.094477e-08 1.156505e-08 1.145866e-08 1.218974e-08 1.186028e-08 1.236253e-08 1.312681e-08 1.323953e-08 1.281609e-08 1.312792e-08 1.298407e-08 1.349779e-08 1.358892e-08 1.396618e-08 1.370013e-08 1.395943e-08 1.428606e-08 1.459951e-08 1.443716e-08 1.427843e-08 1.459204e-08 1.395208e-08 1.490898e-08 1.482445e-08 1.472919e-08 1.511672e-08 1.590138e-08 1.435064e-08 1.528991e-08 1.476906e-08 1.467866e-08 1.476826e-08 1.520471e-08 1.495952e-08 1.456317e-08 1.483047e-08 1.475628e-08 1.554481e-08 1.484831e-08 1.494696e-08 1.404052e-08 1.500691e-08 1.453192e-08 1.431411e-08
9.906711e-09 9.792455e-09 1.093476e-08 9.829754e-09 1.048665e-08 1.075446e-08 1.193726e-08 1.134801e-08 1.139986e-08 1.192293e-08 1.170150e-08 1.233582e-08 1.226604e-08 1.274246e-08 1.298877e-08 1.294638e-08 1.275387e-08 1.264256e-08 1.365611e-08 1.342787e-08 1.470005e-08 1.386756e-08 1.408363e-08 1.488440e-08 1.444953e-08 1.441979e-08 1.432687e-08 1.461882e-08 1.482755e-08 1.562554e-08 1.471528e-08 1.501546e-08 1.544463e-08 1.488858e-08 1.466058e-08 1.533874e-08 1.489569e-08 1.543440e-08 1.612455e-08 1.501429e-08 1.523073e-08 1.559799e-08 1.477667e-08 1.512861e-08 1.469766e-08 1.542374e-08 1.540359e-08 1.534190e-08 1.569523e-08 1.617274e-08 1.496611e-08
9.556724e-09 1.009010e-08 1.025082e-08 1.069549e-08 1.063775e-08 1.056155e-08 1.166094e-08 1.200212e-08 1.172645e-08 1.258968e-08 1.152880e-08 1.189115e-08 1.320760e-08 1.322975e-08 1.271174e-08 1.343116e-08 1.326533e-08 1.335192e-08 1.321118e-08 1.481306e-08 1.362756e-08 1.429379e-08 1.409931e-08 1.413630e-08 1.437098e-08 1.457868e-08 1.422853e-08 1.515235e-08 1.517933e-08 1.511658e-08 1.610641e-08 1.512829e-08 1.455321e-08 1.540158e-08 1.497238e-08 1.578456e-08 1.513947e-08 1.599977e-08 1.523565e-08 1.556296e-08 1.500877e-08 1.640016e-08 1.582215e-08 1.467776e-08 1.616970e-08 1.548727e-08 1.477890e-08 1.434361e-08 1.639231e-08 1.536078e-08 1.441121e-08
1.034386e-08 1.066937e-08 1.055349e-08 1.125267e-08 1.130033e-08 1.099519e-08 1.194052e-08 1.134881e-08 1.246552e-08 1.203392e-08 1.179788e-08 1.241460e-08 1.214016e-08 1.265737e-08 1.345279e-08 1.353177e-08 1.389455e-08 1.352730e-08 1.370058e-08 1.407971e-08 1.427841e-08 1.445546e-08 1.412267e-08 1.490898e-08 1.555379e-08 1.432795e-08 1.529499e-08 1.536551e-08 1.499720e-08 1.545005e-08 1.517203e-08 1.484383e-08 1.528456e-08 1.579851e-08 1.569464e-08 1.588957e-08 1.510417e-08 1.528711e-08 1.567233e-08 1.615488e-08 1.509441e-08 1.651372e-08 1.527422e-08 1.561807e-08 1.582151e-08 1.569301e-08 1.581717e-08 1.553511e-08 1.526664e-08 1.627870e-08 1.541992e-08
1.044090e-08 9.928503e-09 1.032691e-08 1.108067e-08 1.142077e-08 1.144010e-08 1.199385e-08 1.193763e-08 1.231140e-08 1.223817e-08 1.286267e-08 1.225163e-08 1.278596e-08 1.308287e-08 1.332649e-08 1.355119e-08 1.408517e-08 1.399881e-08 1.404941e-08 1.412951e-08 1.488146e-08 1.368485e-08 1.446252e-08 1.440928e-08 1.472981e-08 1.546817e-08 1.534063e-08 1.580432e-08 1.484807e-08 1.550538e-08 1.649173e-08 1.528079e-08 1.528974e-08 1.674447e-08 1.505626e-08 1.524179e-08 1.544230e-08 1.573067e-08 1.673499e-08 1.654594e-08 1.572245e-08 1.650335e-08 1.591178e-08 1.523776e-08 1.562039e-08 1.591214e-08 1.670382e-08 1.598124e-08 1.654618e-08 1.568802e-08 1.610169e-08
9.738720e-09 1.036991e-08 1.077138e-08 1.106756e-08 1.161581e-08 1.126761e-08 1.147891e-08 1.179773e-08 1.245413e-08 1.277938e-08 1.318798e-08 1.314758e-08 1.317884e-08 1.287142e-08 1.337649e-08 1.417029e-08 1.418919e-08 1.485002e-08 1.484498e-08 1.533207e-08 1.551384e-08 1.500715e-08 1.401222e-08 1.458159e-08 1.432198e-08 1.455853e-08 1.559255e-08 1.554929e-08 1.558087e-08 1.632296e-08 1.562634e-08 1.627652e-08 1.637837e-08 1.661148e-08 1.589417e-08 1.506401e-08 1.596993e-08 1.722800e-08 1.616737e-08 1.654176e-08 1.588520e-08 1.691695e-08 1.668491e-08 1.609651e-08 1.661372e-08 1.623097e-08 1.533733e-08 1.591483e-08 1.616645e-08 1.585190e-08 1.538565e-08
1.134711e-08 1.153821e-08 1.116992e-08 1.065806e-08 1.167700e-08 1.138299e-08 1.149129e-08 1.279129e-08 1.221137e-08 1.257139e-08 1.280871e-08 1.356161e-08 1.403525e-08 1.403315e-08 1.338158e-08 1.396247e-08 1.489590e-08 1.492724e-08 1.498631e-08 1.534929e-08 1.467317e-08 1.588057e-08 1.672135e-08 1.552185e-08 1.522976e-08 1.609770e-08 1.576366e-08 1.489981e-08 1.627516e-08 1.605596e-08 1.624801e-08 1.672523e-08 1.524555e-08 1.605906e-08 1.599993e-08 1.681642e-08 1.612875e-08 1.616829e-08 1.601405e-08 1.561013e-08 1.636245e-08 1.650609e-08 1.571303e-08 1.698071e-08 1.594969e-08 1.650677e-08 1.625833e-08 1.736008e-08 1.773523e-08 1.629119e-08 1.655759e-08
1.114054e-08 1.070295e-08 1.084380e-08 1.117324e-08 1.188207e-08 1.174376e-08 1.188790e-08 1.287380e-08 1.274853e-08 1.327625e-08 1.331146e-08 1.293425e-08 1.422491e-08 1.346177e-08 1.376301e-08 1.372020e-08 1.434997e-08 1.475743e-08 1.471826e-08 1.507654e-08 1.507435e-08 1.529474e-08 1.547664e-08 1.529900e-08 1.557519e-08 1.510089e-08 1.605494e-08 1.555114e-08 1.618628e-08 1.622306e-08 1.610847e-08 1.602231e-08 1.646243e-08 1.638949e-08 1.550797e-08 1.685017e-08 1.630835e-08 1.665059e-08 1.579354e-08 1.692263e-08 1.651961e-08 1.583101e-08 1.606676e-08 1.751165e-08 1.595413e-08 1.623229e-08 1.787257e-08 1.599481e-08 1.646246e-08 1.653351e-08 1.694885e-08
1.080013e-08 1.117949e-08 1.077593e-08 1.105875e-08 1.124852e-08 1.196647e-08 1.237875e-08 1.315982e-08 1.323442e-08 1.314097e-08 1.312732e-08 1.336168e-08 1.339239e-08 1.412278e-08 1.370787e-08 1.355233e-08 1.449497e-08 1.532411e-08 1.531998e-08 1.552700e-08 1.516071e-08 1.499429e-08 1.628002e-08 1.612313e-08 1.558142e-08 1.632994e-08 1.554950e-08 1.581393e-08 1.600466e-08 1.607846e-08 1.734612e-08 1.686855e-08 1.605836e-08 1.729373e-08 1.624809e-08 1.801005e-08 1.766062e-08 1.669697e-08 1.720336e-08 1.707087e-08 1.632056e-08 1.679217e-08 1.737408e-08 1.544875e-08 1.713506e-08 1.687226e-08 1.628546e-08 1.745454e-08 1.669402e-08 1.620705e-08 1.630071e-08
1.056311e-08 1.077377e-08 1.092745e-08 1.137610e-08 1.240308e-08 1.214505e-08 1.245668e-08 1.342540e-08 1.265523e-08 1.288495e-08 1.366668e-08 1.367609e-08 1.354063e-08 1.417318e-08 1.500072e-08 1.396346e-08 1.598990e-08 1.500211e-08 1.545273e-08 1.618254e-08 1.449926e-08 1.549751e-08 1.633006e-08 1.572537e-08 1.556933e-08 1.628343e-08 1.605802e-08 1.590699e-08 1.592430e-08 1.700577e-08 1.658524e-08 1.696112e-08 1.841796e-08 1.666732e-08 1.632530e-08 1.667356e-08 1.655932e-08 1.814398e-08 1.729549e-08 1.630228e-08 1.658653e-08 1.575350e-08 1.725092e-08 1.614560e-08 1.746928e-08 1.614024e-08 1.609268e-08 1.669852e-08 1.661373e-08 1.686551e-08 1.689037e-08
1.143541e-08 1.165561e-08 1.134505e-08 1.259021e-08 1.242099e-08 1.217199e-08 1.244980e-08 1.275462e-08 1.288366e-08 1.305698e-08 1.393370e-08 1.339363e-08 1.437163e-08 1.412901e-08 1.488150e-08 1.525940e-08 1.487889e-08 1.485881e-08 1.550664e-08 1.529952e-08 1.507949e-08 1.518500e-08 1.578175e-08 1.546669e-08 1.626307e-08 1.624897e-08 1.676915e-08 1.661872e-08 1.719468e-08 1.618820e-08 1.625904e-08 1.592041e-08 1.621948e-08 1.747475e-08 1.675848e-08 1.724596e-08 1.663938e-08 1.789020e-08 1.768448e-08 1.698693e-08 1.608751e-08 1.786251e-08 1.706489e-08 1.675855e-08 1.744045e-08 1.654099e-08 1.729431e-08 1.750179e-08 1.610261e-08 1.712316e-08 1.587935e-08
1.139359e-08 1.215566e-08 1.143423e-08 1.278277e-08 1.168252e-08 1.242197e-08 1.256534e-08 1.239228e-08 1.301201e-08 1.346872e-08 1.370641e-08 1.400098e-08 1.455605e-08 1.453425e-08 1.432175e-08 1.439399e-08 1.531613e-08 1.545782e-08 1.610967e-08 1.565948e-08 1.624918e-08 1.585781e-08 1.628529e-08 1.563308e-08 1.712136e-08 1.658389e-08 1.616118e-08 1.587913e-08 1.594373e-08 1.695809e-08 1.728404e-08 1.656642e-08 1.606025e-08 1.717116e-08 1.737641e-08 1.626774e-08 1.761415e-08 1.824444e-08 1.705862e-08 1.695695e-08 1.691563e-08 1.727482e-08 1.770781e-08 1.723236e-08 1.764604e-08 1.626373e-08 1.650370e-08 1.691713e-08 1.718080e-08 1.640709e-08 1.555644e-08
1.072698e-08 1.160881e-08 1.113330e-08 1.143485e-08 1.241340e-08 1.251471e-08 1.274402e-08 1.378222e-08 1.290869e-08 1.320570e-08 1.382974e-08 1.448652e-08 1.463018e-08 1.463567e-08 1.474221e-08 1.435848e-08 1.543429e-08 1.557300e-08 1.556462e-08 1.533781e-08 1.674366e-08 1.570426e-08 1.659251e-08 1.642547e-08 1.603821e-08 1.623672e-08 1.647548e-08 1.662436e-08 1.734876e-08 1.644164e-08 1.786478e-08 1.703244e-08 1.611335e-08 1.662974e-08 1.603453e-08 1.686839e-08 1.658148e-08 1.727285e-08 1.627622e-08 1.656985e-08 1.598537e-08 1.818376e-08 1.573803e-08 1.751965e-08 1.696007e-08 1.722768e-08 1.821227e-08 1.667891e-08 1.761873e-08 1.671470e-08 1.602618e-08
1.168696e-08 1.133651e-08 1.153265e-08 1.283630e-08 1.264668e-08 1.269598e-08 1.338825e-08 1.251231e-08 1.359338e-08 1.395445e-08 1.373054e-08 1.467876e-08 1.457357e-08 1.505968e-08 1.471692e-08 1.601695e-08 1.491431e-08 1.497937e-08 1.564577e-08 1.592447e-08 1.589581e-08 1.611800e-08 1.680060e-08 1.673808e-08 1.635001e-08 1.634956e-08 1.613572e-08 1.708319e-08 1.729051e-08 1.699556e-08 1.667124e-08 1.742109e-08 1.683092e-08 1.679499e-08 1.765178e-08 1.726339e-08 1.831059e-08 1.850257e-08 1.663528e-08 1.746146e-08 1.789360e-08 1.795249e-08 1.869900e-08 1.738980e-08 1.781291e-08 1.660507e-08 1.733130e-08 1.733972e-08 1.608527e-08 1.705471e-08 1.657744e-08
1.180007e-08 1.167262e-08 1.200143e-08 1.200028e-08 1.258373e-08 1.255234e-08 1.254340e-08 1.348236e-08 1.316953e-08 1.359296e-08 1.326758e-08 1.393313e-08 1.470885e-08 1.486629e-08 1.488350e-08 1.497154e-08 1.520303e-08 1.615548e-08 1.551882e-08 1.606625e-08 1.578930e-08 1.671401e-08 1.588837e-08 1.642622e-08 1.740235e-08 1.653310e-08 1.711102e-08 1.689341e-08 1.729437e-08 1.677940e-08 1.758552e-08 1.761455e-08 1.752690e-08 1.710615e-08 1.796979e-08 1.742934e-08 1.788005e-08 1.835591e-08 1.795502e-08 1.725122e-08 1.805389e-08 1.657425e-08 1.685988e-08 1.699995e-08 1.657962e-08 1.743793e-08 1.767224e-08 1.671965e-08 1.779147e-08 1.738347e-08 1.733030e-08
1.142247e-08 1.210869e-08 1.305800e-08 1.240725e-08 1.201974e-08 1.289986e-08 1.329682e-08 1.346742e-08 1.342034e-08 1.376171e-08 1.464418e-08 1.428457e-08 1.525284e-08 1.464823e-08 1.505034e-08 1.541359e-08 1.589585e-08 1.660419e-08 1.602482e-08 1.695494e-08 1.673001e-08 1.670172e-08 1.690601e-08 1.640244e-08 1.704945e-08 1.718621e-08 1.724885e-08 1.687976e-08 1.641702e-08 1.644625e-08 1.777227e-08 1.772376e-08 1.793293e-08 1.788644e-08 1.724591e-08 1.743763e-08 1.826975e-08 1.778546e-08 1.810801e-08 1.883418e-08 1.763810e-08 1.754427e-08 1.745794e-08 1.699163e-08 1.764348e-08 1.751514e-08 1.712447e-08 1.820105e-08 1.733879e-08 1.800571e-08 1.519001e-08
1.149472e-08 1.266374e-08 1.240754e-08 1.226399e-08 1.326792e-08 1.253930e-08 1.296964e-08 1.303150e-08 1.439961e-08 1.424670e-08 1.411333e-08 1.356214e-08 1.483384e-08 1.512212e-08 1.516693e-08 1.455469e-08 1.491328e-08 1.634566e-08 1.499960e-08 1.690884e-08 1.735962e-08 1.628538e-08 1.662629e-08 1.728169e-08 1.669771e-08 1.749329e-08 1.797275e-08 1.795591e-08 1.697174e-08 1.802941e-08 1.723258e-08 1.934029e-08 1.834012e-08 1.706558e-08 1.763872e-08 1.745641e-08 1.838398e-08 1.673205e-08 1.865881e-08 1.763322e-08 1.730789e-08 1.844085e-08 1.764813e-08 1.737548e-08 1.580850e-08 1.832783e-08 1.803326e-08 1.738379e-08 1.737036e-08 1.759167e-08 1.636544e-08
1.080186e-08 1.124470e-08 1.358591e-08 1.251761e-08 1.241233e-08 1.264112e-08 1.296638e-08 1.398233e-08 1.398991e-08 1.480019e-08 1.585065e-08 1.466345e-08 1.412456e-08 1.472052e-08 1.552096e-08 1.523915e-08 1.550993e-08 1.550034e-08 1.557427e-08 1.588561e-08 1.720003e-08 1.786658e-08 1.754237e-08 1.669403e-08 1.808469e-08 1.715619e-08 1.704621e-08 1.642232e-08 1.731143e-08 1.762814e-08 1.763497e-08 1.831497e-08 1.774954e-08 1.809666e-08 1.776748e-08 1.737610e-08 1.749001e-08 1.775187e-08 1.799380e-08 1.705880e-08 1.879424e-08 1.893437e-08 1.836933e-08 1.671918e-08 1.773274e-08 1.726340e-08 1.675975e-08 1.882237e-08 1.793092e-08 1.735570e-08 1.790464e-08
1.201451e-08 1.163332e-08 1.320880e-08 1.336861e-08 1.270598e-08 1.386233e-08 1.286920e-08 1.426029e-08 1.361402e-08 1.476765e-08 1.469755e-08 1.465208e-08 1.450583e-08 1.472381e-08 1.531881e-08 1.607359e-08 1.527907e-08 1.547062e-08 1.548958e-08 1.550971e-08 1.621874e-08 1.602809e-08 1.637872e-08 1.721568e-08 1.773059e-08 1.714674e-08 1.688603e-08 1.786248e-08 1.775387e-08 1.673537e-08 1.756818e-08 1.839946e-08 1.800228e-08 1.792139e-08 1.789367e-08 1.861559e-08 1.797947e-08 1.828277e-08 1.757619e-08 1.775473e-08 1.667796e-08 1.856555e-08 1.833127e-08 1.784072e-08 1.685359e-08 1.738030e-08 1.730499e-08 1.729408e-08 1.834633e-08 1.639747e-08 1.712597e-08
