data/gps2f_nb_force_rot_Y.grd
DSAA
361 181
-180 180
-90 90
-2.186495e-08 2.176821e-08
[rows 46 to 68 of 181, columns 306 to 356 of 361]
-1.300744e-08 -1.232558e-08 -1.247055e-08 -1.146580e-08 -1.146148e-08 -1.237712e-08 -1.068310e-08 -1.034851e-08 -1.006216e-08 -1.015936e-08 -1.057363e-08 -1.114019e-08 -1.030435e-08 -1.017688e-08 -9.350981e-09 -9.002949e-09 -9.403453e-09 -8.635751e-09 -8.413949e-09 -9.102068e-09 -7.953566e-09 -8.465718e-09 -7.098245e-09 -7.481764e-09 -8.055164e-09 -6.659042e-09 -6.254368e-09 -6.765176e-09 -5.650652e-09 -5.599091e-09 -5.222049e-09 -5.085573e-09 -5.001196e-09 -5.175905e-09 -4.019215e-09 -4.895346e-09 -3.437514e-09 -4.160407e-09 -3.885081e-09 -2.929093e-09 -1.843359e-09 -2.791924e-09 -3.687957e-09 -2.720171e-09 -2.991922e-09 -3.347204e-09 -2.332897e-09 -1.445861e-09 -2.679074e-10 -1.379934e-09 -1.090962e-09
-1.283843e-08 -1.314829e-08 -1.168476e-08 -1.144238e-08 -1.125729e-08 -1.115038e-08 -1.061322e-08 -1.197131e-08 -1.100199e-08 -9.849366e-09 -1.005268e-08 -1.055326e-08 -9.878175e-09 -9.223316e-09 -9.395419e-09 -9.073890e-09 -9.573122e-09 -9.259065e-09 -8.505608e-09 -8.663409e-09 -7.566771e-09 -7.963469e-09 -7.868526e-09 -7.746183e-09 -7.015802e-09 -8.000840e-09 -7.137848e-09 -7.094955e-09 -6.261589e-09 -5.139408e-09 -5.509400e-09 -4.810783e-09 -5.433102e-09 -4.215463e-09 -5.223203e-09 -4.181062e-09 -3.889619e-09 -5.086395e-09 -5.007841e-09 -2.504500e-09 -4.088605e-09 -2.655082e-09 -2.097835e-09 -1.234664e-09 -1.916842e-09 -1.252350e-09 -2.730424e-09 -1.281633e-09 -1.009109e-09 -7.384195e-10 -1.143491e-09
-1.322278e-08 -1.205287e-08 -1.238257e-08 -1.181288e-08 -1.173685e-08 -1.123004e-08 -1.176760e-08 -1.087411e-08 -1.179044e-08 -1.107184e-08 -9.932663e-09 -1.046643e-08 -1.100736e-08 -1.104338e-08 -1.028465e-08 -8.727706e-09 -9.584853e-09 -9.183184e-09 -8.989121e-09 -9.510178e-09 -9.062362e-09 -8.163851e-09 -8.007209e-09 -7.082600e-09 -8.306524e-09 -7.208688e-09 -7.608563e-09 -7.163427e-09 -5.681226e-09 -6.038463e-09 -4.297845e-09 -4.602863e-09 -5.455062e-09 -5.127492e-09 -5.619085e-09 -3.967468e-09 -3.257139e-09 -4.348040e-09 -4.288977e-09 -4.429352e-09 -3.243368e-09 -2.533761e-09 -1.592559e-09 -2.582829e-09 -1.987587e-09 -1.704299e-09 -1.227097e-09 -1.322962e-09 -8.137298e-10 -1.237670e-09 -1.080919e-09
-1.319616e-08 -1.211089e-08 -1.280653e-08 -1.353535e-08 -1.227049e-08 -1.285328e-08 -1.178474e-08 -1.225119e-08 -1.132114e-08 -1.135127e-08 -1.063804e-08 -1.134490e-08 -1.132028e-08 -1.012957e-08 -9.956158e-09 -1.000825e-08 -9.618120e-09 -9.679003e-09 -9.803878e-09 -9.692235e-09 -8.381075e-09 -8.283926e-09 -8.048946e-09 -7.070696e-09 -7.955777e-09 -8.090225e-09 -6.197224e-09 -7.091010e-09 -6.910757e-09 -7.186643e-09 -6.749664e-09 -5.229186e-09 -4.399451e-09 -6.377963e-09 -4.634713e-09 -5.671570e-09 -5.306571e-09 -3.436886e-09 -4.451461e-09 -2.846897e-09 -3.520751e-09 -3.797982e-09 -3.177886e-09 -1.947094e-09 -1.493715e-09 -2.348239e-09 -1.075549e-09 -1.669698e-09 -2.257286e-09 -9.457958e-10 -4.234824e-10
-1.436802e-08 -1.356223e-08 -1.247859e-08 -1.225387e-08 -1.223161e-08 -1.285883e-08 -1.099458e-08 -1.228819e-08 -1.209847e-08 -1.090115e-08 -1.087387e-08 -1.031029e-08 -1.001023e-08 -1.025457e-08 -9.457354e-09 -9.756062e-09 -8.906233e-09 -9.707064e-09 -9.710100e-09 -9.115724e-09 -9.378906e-09 -7.933411e-09 -9.388823e-09 -9.283826e-09 -9.426684e-09 -6.725589e-09 -7.029150e-09 -7.551363e-09 -6.774242e-09 -5.553838e-09 -5.739803e-09 -5.598768e-09 -5.819519e-09 -4.231288e-09 -5.434117e-09 -3.940600e-09 -5.093108e-09 -4.650509e-09 -3.951517e-09 -3.397713e-09 -2.649842e-09 -4.168463e-09 -4.119496e-09 -3.115749e-09 -2.006625e-09 -3.641414e-09 -2.372717e-09 -2.278505e-09 -1.036386e-09 -1.871357e-09 -9.957094e-10
-1.345381e-08 -1.350062e-08 -1.338973e-08 -1.212279e-08 -1.292180e-08 -1.187635e-08 -1.218289e-08 -1.149604e-08 -1.145125e-08 -1.192224e-08 -1.187949e-08 -1.039342e-08 -1.097891e-08 -1.106689e-08 -9.661064e-09 -1.000696e-08 -9.919956e-09 -1.003759e-08 -1.087666e-08 -8.562727e-09 -8.725372e-09 -8.578719e-09 -8.203922e-09 -7.866352e-09 -7.879380e-09 -7.616931e-09 -7.940988e-09 -6.569296e-09 -6.564922e-09 -6.207904e-09 -6.683971e-09 -5.670132e-09 -4.067393e-09 -5.362983e-09 -4.761997e-09 -3.725786e-09 -3.929674e-09 -4.859964e-09 -3.456811e-09 -3.919261e-09 -4.094999e-09 -2.364574e-09 -3.103107e-09 -3.138162e-09 -2.424543e-09 -2.872703e-09 -1.262094e-09 -1.168552e-09 -1.450321e-09 -4.250590e-10 -5.721387e-10
-1.402872e-08 -1.384393e-08 -1.342833e-08 -1.274614e-08 -1.231672e-08 -1.217230e-08 -1.209742e-08 -1.220448e-08 -1.160177e-08 -1.218932e-08 -1.156655e-08 -1.108949e-08 -1.082308e-08 -1.011464e-08 -1.061578e-08 -1.119930e-08 -1.046187e-08 -9.560816e-09 -8.996139e-09 -1.055271e-08 -9.139709e-09 -8.803806e-09 -7.850624e-09 -7.460971e-09 -8.685412e-09 -7.384390e-09 -7.167831e-09 -6.116951e-09 -7.854684e-09 -5.306179e-09 -6.651689e-09 -5.692132e-09 -6.287102e-09 -4.743569e-09 -4.903910e-09 -4.593466e-09 -5.605800e-09 -3.499309e-09 -3.691801e-09 -2.992189e-09 -4.624182e-09 -3.133983e-09 -3.611094e-09 -2.447716e-09 -1.137949e-09 -1.968915e-09 -2.323814e-09 -1.955872e-09 -2.565886e-09 -2.444761e-09 -1.266010e-09
-1.350719e-08 -1.365149e-08 -1.329996e-08 -1.335519e-08 -1.278239e-08 -1.229899e-08 -1.217082e-08 -1.220056e-08 -1.287797e-08 -1.252616e-08 -1.135136e-08 -1.114028e-08 -1.163451e-08 -1.098238e-08 -1.030044e-08 -1.094976e-08 -1.007679e-08 -1.005242e-08 -9.921060e-09 -9.369200e-09 -8.648912e-09 -9.753289e-09 -8.512751e-09 -9.893314e-09 -8.871885e-09 -7.372266e-09 -6.993152e-09 -6.699729e-09 -6.382324e-09 -6.278202e-09 -5.533928e-09 -5.258654e-09 -5.060811e-09 -5.691593e-09 -4.810971e-09 -4.332073e-09 -4.784455e-09 -4.380718e-09 -4.299205e-09 -5.038890e-09 -3.137225e-09 -3.052245e-09 -1.946297e-09 -3.220237e-09 -1.443360e-09 -3.597097e-09 -2.487530e-09 -1.639530e-09 -1.717557e-09 -5.700580e-10 -1.122118e-09
-1.321998e-08 -1.353791e-08 -1.311175e-08 -1.307177e-08 -1.380946e-08 -1.284097e-08 -1.213184e-08 -1.281668e-08 -1.229985e-08 -1.140933e-08 -1.120496e-08 -1.168389e-08 -1.133991e-08 -1.081868e-08 -1.027813e-08 -1.088330e-08 -1.030809e-08 -9.857415e-09 -9.947800e-09 -9.492346e-09 -8.295707e-09 -8.801195e-09 -9.109386e-09 -8.104615e-09 -9.257660e-09 -7.777733e-09 -8.083593e-09 -8.455735e-09 -6.527545e-09 -7.658313e-09 -8.575057e-09 -6.328231e-09 -5.108309e-09 -5.315475e-09 -5.860493e-09 -5.491063e-09 -5.659838e-09 -3.440898e-09 -5.155494e-09 -3.739674e-09 -3.716031e-09 -2.570944e-09 -3.478502e-09 -2.938508e-09 -2.532935e-09 -1.246474e-09 -6.151131e-10 -6.108103e-10 -1.539609e-09 -2.155477e-09 -9.848106e-10
-1.401703e-08 -1.399799e-08 -1.502671e-08 -1.450570e-08 -1.375316e-08 -1.337502e-08 -1.336935e-08 -1.290769e-08 -1.268448e-08 -1.289740e-08 -1.191436e-08 -1.234778e-08 -1.140868e-08 -1.142583e-08 -1.093241e-08 -1.018915e-08 -9.914431e-09 -1.017669e-08 -9.607368e-09 -9.320643e-09 -8.834981e-09 -9.106622e-09 -8.461693e-09 -8.241883e-09 -7.967748e-09 -7.598634e-09 -7.251324e-09 -8.110947e-09 -7.042778e-09 -7.480981e-09 -6.662708e-09 -7.110037e-09 -6.521873e-09 -4.820917e-09 -5.550659e-09 -4.820262e-09 -5.236793e-09 -4.779811e-09 -5.621612e-09 -3.275417e-09 -3.666792e-09 -3.553394e-09 -1.969363e-09 -2.638550e-09 -1.967012e-09 -2.415975e-09 -2.343464e-09 -5.018944e-10 -2.165069e-09 -1.857052e-09 -1.597743e-09
-1.521867e-08 -1.358991e-08 -1.410824e-08 -1.277085e-08 -1.286006e-08 -1.317530e-08 -1.319698e-08 -1.276013e-08 -1.284738e-08 -1.301825e-08 -1.175041e-08 -1.184088e-08 -1.140636e-08 -1.237647e-08 -1.063892e-08 -1.090751e-08 -1.102615e-08 -1.090567e-08 -1.100085e-08 -1.026117e-08 -8.855760e-09 -9.266216e-09 -9.955666e-09 -7.895430e-09 -7.765187e-09 -7.831590e-09 -8.032655e-09 -7.464688e-09 -6.942650e-09 -6.661052e-09 -6.771496e-09 -5.690999e-09 -5.906036e-09 -5.917756e-09 -4.771938e-09 -5.427388e-09 -6.361287e-09 -4.075998e-09 -3.654748e-09 -4.145756e-09 -4.292867e-09 -3.351927e-09 -3.119204e-09 -2.696675e-09 -3.067961e-09 -1.115385e-09 -1.847809e-09 -2.114534e-09 -2.041077e-09 -2.385396e-09 -1.292932e-09
-1.415920e-08 -1.524972e-08 -1.459991e-08 -1.403990e-08 -1.409847e-08 -1.384497e-08 -1.265874e-08 -1.372238e-08 -1.361968e-08 -1.326970e-08 -1.259150e-08 -1.225693e-08 -1.268495e-08 -1.142407e-08 -1.204054e-08 -1.103238e-08 -1.122644e-08 -1.055815e-08 -9.559511e-09 -8.920877e-09 -9.819192e-09 -9.185027e-09 -9.105013e-09 -9.751346e-09 -8.857803e-09 -8.181648e-09 -7.332598e-09 -6.742915e-09 -6.264854e-09 -6.339826e-09 -7.229362e-09 -6.429100e-09 -5.678982e-09 -4.058993e-09 -4.980070e-09 -5.822221e-09 -5.927928e-09 -5.386273e-09 -3.936326e-09 -4.170574e-09 -4.102202e-09 -3.883474e-09 -1.925601e-09 -4.673004e-09 -2.673865e-09 -3.012212e-09 -1.515825e-09 -1.158459e-09 -1.502974e-09 -6.847429e-10 -1.564868e-09
-1.532824e-08 -1.445362e-08 -1.427489e-08 -1.396646e-08 -1.384468e-08 -1.325598e-08 -1.322845e-08 -1.407455e-08 -1.348057e-08 -1.216278e-08 -1.343637e-08 -1.221301e-08 -1.154198e-08 -1.208433e-08 -1.114257e-08 -1.137245e-08 -1.072951e-08 -1.060954e-08 -1.007485e-08 -1.055718e-08 -1.025406e-08 -9.209606e-09 -9.242923e-09 -9.075833e-09 -8.335705e-09 -8.643229e-09 -7.766163e-09 -7.493998e-09 -6.911608e-09 -6.712086e-09 -7.417629e-09 -7.103653e-09 -6.332282e-09 -6.156458e-09 -6.568670e-09 -4.582924e-09 -4.497334e-09 -3.387943e-09 -5.325085e-09 -3.774164e-09 -4.390330e-09 -2.787806e-09 -2.094538e-09 -2.952293e-09 -1.908433e-09 -1.985981e-09 -1.671992e-09 -1.882739e-09 -5.266803e-10 -1.333245e-09 -1.848573e-09
-1.487818e-08 -1.466648e-08 -1.402738e-08 -1.453131e-08 -1.382206e-08 -1.412156e-08 -1.398939e-08 -1.346107e-08 -1.334357e-08 -1.334402e-08 -1.298636e-08 -1.278331e-08 -1.289535e-08 -1.173638e-08 -1.205816e-08 -1.109895e-08 -1.006068e-08 -1.052180e-08 -1.127778e-08 -9.579321e-09 -9.417168e-09 -8.882211e-09 -8.699016e-09 -8.453813e-09 -7.579469e-09 -9.554820e-09 -9.219743e-09 -7.564165e-09 -7.764496e-09 -7.128585e-09 -7.354391e-09 -6.137865e-09 -5.498011e-09 -5.220754e-09 -5.664646e-09 -5.675568e-09 -5.514505e-09 -4.989277e-09 -5.146924e-09 -4.137684e-09 -2.694118e-09 -3.619430e-09 -3.204343e-09 -3.109547e-09 -3.775479e-09 -2.533967e-09 -2.543803e-09 -2.251159e-09 -5.735062e-10 -1.350639e-09 4.341176e-10
-1.467232e-08 -1.541989e-08 -1.448949e-08 -1.488074e-08 -1.385010e-08 -1.341354e-08 -1.477555e-08 -1.362647e-08 -1.392217e-08 -1.296708e-08 -1.195583e-08 -1.244086e-08 -1.297317e-08 -1.187976e-08 -1.137043e-08 -1.254324e-08 -1.143539e-08 -1.158442e-08 -1.165177e-08 -1.095763e-08 -9.884740e-09 -9.183627e-09 -9.167746e-09 -8.756547e-09 -7.706592e-09 -8.129944e-09 -7.492356e-09 -7.035128e-09 -8.391284e-09 -7.644386e-09 -6.756924e-09 -6.795251e-09 -6.607870e-09 -6.498020e-09 -5.352645e-09 -5.718217e-09 -4.625340e-09 -6.417476e-09 -4.536262e-09 -3.775441e-09 -3.222563e-09 -2.627870e-09 -3.173312e-09 -2.247556e-09 -3.731495e-09 -7.557026e-10 -2.425210e-09 -3.063574e-09 -1.535633e-09 -3.328580e-09 -1.766522e-09
-1.458368e-08 -1.569951e-08 -1.544264e-08 -1.568644e-08 -1.348082e-08 -1.497351e-08 -1.327572e-08 -1.301461e-08 -1.269635e-08 -1.374995e-08 -1.350636e-08 -1.229738e-08 -1.229667e-08 -1.201705e-08 -1.117147e-08 -1.175422e-08 -1.284819e-08 -9.750777e-09 -1.071398e-08 -1.032098e-08 -1.032611e-08 -9.559786e-09 -9.115687e-09 -9.495444e-09 -7.931091e-09 -8.917811e-09 -8.735654e-09 -7.927320e-09 -7.896165e-09 -8.522147e-09 -7.909757e-09 -6.547852e-09 -6.923460e-09 -6.260284e-09 -6.574757e-09 -5.550389e-09 -4.843714e-09 -2.520827e-09 -4.915099e-09 -4.395360e-09 -3.001141e-09 -2.512040e-09 -3.754717e-09 -3.456118e-09 -1.997786e-09 -1.414513e-09 -2.404643e-09 -5.143873e-10 -1.456887e-09 -2.529960e-09 -9.610533e-10
-1.500935e-08 -1.514251e-08 -1.421090e-08 -1.511535e-08 -1.426699e-08 -1.410229e-08 -1.437845e-08 -1.393327e-08 -1.396737e-08 -1.320365e-08 -1.267040e-08 -1.356128e-08 -1.227296e-08 -1.263255e-08 -1.196983e-08 -1.222630e-08 -1.058386e-08 -1.137512e-08 -1.056016e-08 -1.118287e-08 -1.026416e-08 -9.867822e-09 -9.396506e-09 -9.708086e-09 -9.064839e-09 -8.730954e-09 -8.190255e-09 -8.205289e-09 -8.661607e-09 -7.489642e-09 -5.507136e-09 -6.321200e-09 -6.425528e-09 -6.274307e-09 -5.542903e-09 -6.607064e-09 -5.207957e-09 -4.833790e-09 -4.698395e-09 -4.882990e-09 -3.573114e-09 -1.929222e-09 -3.034135e-09 -3.630678e-09 -2.064583e-09 -1.678285e-09 -1.426648e-10 -2.607144e-09 -1.430956e-09 -1.957102e-09 5.693805e-11
-1.543479e-08 -1.503629e-08 -1.505787e-08 -1.520648e-08 -1.481129e-08 -1.410392e-08 -1.448425e-08 -1.355792e-08 -1.373881e-08 -1.401934e-08 -1.393094e-08 -1.269747e-08 -1.335932e-08 -1.244703e-08 -1.241168e-08 -1.319157e-08 -1.078225e-08 -1.153812e-08 -1.093954e-08 -1.032856e-08 -9.935267e-09 -1.038973e-08 -1.070317e-08 -9.628580e-09 -9.115642e-09 -8.753598e-09 -8.672475e-09 -8.258556e-09 -6.546819e-09 -7.793365e-09 -8.083849e-09 -8.151080e-09 -7.456634e-09 -7.201967e-09 -7.268340e-09 -4.952440e-09 -5.564045e-09 -4.698583e-09 -4.859988e-09 -5.035261e-09 -4.002307e-09 -3.444496e-09 -3.221443e-09 -2.310267e-09 -4.269948e-09 -3.045485e-09 -2.252107e-09 -1.579489e-09 -1.941555e-09 -8.420475e-10 8.719311e-11
-1.557024e-08 -1.624925e-08 -1.487493e-08 -1.521735e-08 -1.443719e-08 -1.516173e-08 -1.358327e-08 -1.416058e-08 -1.445257e-08 -1.357634e-08 -1.281127e-08 -1.385555e-08 -1.283147e-08 -1.402772e-08 -1.275320e-08 -1.176339e-08 -1.171008e-08 -1.107142e-08 -1.152551e-08 -1.053796e-08 -1.053746e-08 -1.009778e-08 -8.827140e-09 -9.535404e-09 -9.141396e-09 -9.032217e-09 -9.667949e-09 -7.743055e-09 -6.503615e-09 -6.868087e-09 -6.745334e-09 -6.006498e-09 -5.459514e-09 -6.139226e-09 -7.471963e-09 -5.646312e-09 -6.377830e-09 -6.109762e-09 -4.959612e-09 -2.951203e-09 -4.552090e-09 -3.775574e-09 -3.282821e-09 -3.218940e-09 -3.137541e-09 -2.855311e-09 -4.964917e-10 -2.091894e-09 -1.133773e-09 -1.719328e-09 -7.652525e-10
-1.556294e-08 -1.559701e-08 -1.719764e-08 -1.490191e-08 -1.409895e-08 -1.469660e-08 -1.387493e-08 -1.547823e-08 -1.402065e-08 -1.383439e-08 -1.467149e-08 -1.273005e-08 -1.243826e-08 -1.198668e-08 -1.286735e-08 -1.243108e-08 -1.194934e-08 -1.157193e-08 -1.200483e-08 -1.058382e-08 -1.236512e-08 -1.010563e-08 -1.098224e-08 -9.210098e-09 -8.853760e-09 -8.360751e-09 -9.142320e-09 -7.030440e-09 -7.921067e-09 -7.282348e-09 -8.138636e-09 -8.555303e-09 -6.549378e-09 -5.129365e-09 -5.883464e-09 -6.501317e-09 -5.503544e-09 -4.284885e-09 -3.722053e-09 -4.375589e-09 -3.520172e-09 -4.898320e-09 -2.541627e-09 -2.630087e-09 -2.762208e-09 -1.650732e-09 -3.438066e-09 -1.760648e-09 -1.284943e-09 -2.055986e-09 -1.399275e-09
-1.572513e-08 -1.599679e-08 -1.655748e-08 -1.589865e-08 -1.564888e-08 -1.496808e-08 -1.395914e-08 -1.381730e-08 -1.365955e-08 -1.371392e-08 -1.308022e-08 -1.342844e-08 -1.440852e-08 -1.417649e-08 -1.351742e-08 -1.216317e-08 -1.166422e-08 -1.085848e-08 -1.082575e-08 -1.110332e-08 -1.113572e-08 -1.015343e-08 -9.812261e-09 -9.098599e-09 -8.634889e-09 -7.270928e-09 -7.955728e-09 -8.685717e-09 -6.558073e-09 -6.116730e-09 -6.718174e-09 -8.141999e-09 -7.496749e-09 -6.092066e-09 -4.858840e-09 -6.149477e-09 -5.573101e-09 -4.858069e-09 -4.980771e-09 -4.236325e-09 -4.598949e-09 -2.707210e-09 -2.476998e-09 -3.808921e-09 -2.669320e-09 -1.012096e-09 -1.467930e-09 -2.196428e-09 -9.560095e-10 -1.883712e-09 -1.919466e-09
-1.589238e-08 -1.621581e-08 -1.651209e-08 -1.503511e-08 -1.442139e-08 -1.487743e-08 -1.409743e-08 -1.388377e-08 -1.451719e-08 -1.463543e-08 -1.335383e-08 -1.366326e-08 -1.264182e-08 -1.288858e-08 -1.386031e-08 -1.241053e-08 -1.171702e-08 -1.160852e-08 -1.144115e-08 -1.080160e-08 -1.136178e-08 -1.057591e-08 -9.669349e-09 -9.982915e-09 -1.046836e-08 -8.686838e-09 -9.051487e-09 -8.115255e-09 -7.084061e-09 -9.061954e-09 -8.307050e-09 -6.796296e-09 -7.222137e-09 -6.975570e-09 -5.541014e-09 -4.668572e-09 -5.411549e-09 -4.155464e-09 -4.948399e-09 -3.622113e-09 -3.145552e-09 -3.744459e-09 -2.014085e-09 -2.867423e-09 -1.440949e-09 -2.090480e-09 -2.157240e-09 -2.936706e-09 -2.211753e-09 -6.368735e-10 -3.630324e-10
-1.612966e-08 -1.502434e-08 -1.589862e-08 -1.514070e-08 -1.491869e-08 -1.530042e-08 -1.460915e-08 -1.515074e-08 -1.411754e-08 -1.321681e-08 -1.388994e-08 -1.269390e-08 -1.247966e-08 -1.254709e-08 -1.237502e-08 -1.250242e-08 -1.164330e-08 -1.139198e-08 -1.046210e-08 -1.071006e-08 -1.039793e-08 -1.044141e-08 -9.488763e-09 -9.647843e-09 -1.052648e-08 -9.568109e-09 -8.728651e-09 -8.936802e-09 -7.398070e-09 -7.616637e-09 -6.080738e-09 -6.722985e-09 -7.303093e-09 -7.167924e-09 -6.648948e-09 -5.822349e-09 -6.158225e-09 -4.206575e-09 -4.026453e-09 -5.365896e-09 -3.565448e-09 -4.936446e-09 -3.864509e-09 -1.649663e-09 -2.597642e-09 -3.223037e-09 -3.292215e-09 -3.215000e-09 -1.335903e-09 -1.523513e-09 -2.563765e-09
