data/gps2f_nb_force_rot_Z.grd
DSAA
361 181
-180 180
-90 90
-2.297544e-08 1.937016e-08
[rows 0 to 22 of 181, columns 150 to 199 of 361]
1.496652e-08 1.638765e-08 1.496486e-08 1.507078e-08 1.499624e-08 1.396804e-08 1.515723e-08 1.473459e-08 1.472944e-08 1.605176e-08 1.460215e-08 1.432284e-08 1.551864e-08 1.459233e-08 1.586496e-08 1.486114e-08 1.521653e-08 1.348160e-08 1.536560e-08 1.489538e-08 1.358084e-08 1.573528e-08 1.492635e-08 1.624416e-08 1.405134e-08 1.407767e-08 1.397981e-08 1.563501e-08 1.654187e-08 1.452556e-08 1.554839e-08 1.435649e-08 1.484962e-08 1.298823e-08 1.457851e-08 1.376001e-08 1.427011e-08 1.422476e-08 1.543056e-08 1.591141e-08 1.570793e-08 1.557236e-08 1.445015e-08 1.652077e-08 1.573848e-08 1.459778e-08 1.475808e-08 1.472492e-08 1.404279e-08 1.408325e-08
1.432616e-08 1.441683e-08 1.512691e-08 1.557744e-08 1.376341e-08 1.500720e-08 1.510195e-08 1.695467e-08 1.471322e-08 1.524827e-08 1.355372e-08 1.404717e-08 1.542793e-08 1.491101e-08 1.407171e-08 1.480246e-08 1.553383e-08 1.481148e-08 1.398918e-08 1.501917e-08 1.476876e-08 1.619646e-08 1.567304e-08 1.560680e-08 1.504781e-08 1.419729e-08 1.505821e-08 1.466350e-08 1.345964e-08 1.576500e-08 1.561926e-08 1.523535e-08 1.444357e-08 1.524650e-08 1.505020e-08 1.396314e-08 1.533051e-08 1.444354e-08 1.516156e-08 1.623035e-08 1.571911e-08 1.577885e-08 1.524214e-08 1.513805e-08 1.507266e-08 1.382557e-08 1.600394e-08 1.439883e-08 1.551985e-08 1.555225e-08
1.528802e-08 1.550632e-08 1.296681e-08 1.637659e-08 1.500846e-08 1.491370e-08 1.655332e-08 1.573070e-08 1.416413e-08 1.521216e-08 1.475255e-08 1.564126e-08 1.499972e-08 1.642597e-08 1.520099e-08 1.563237e-08 1.590692e-08 1.482816e-08 1.365357e-08 1.478789e-08 1.523208e-08 1.583271e-08 1.584411e-08 1.566524e-08 1.553599e-08 1.332301e-08 1.591920e-08 1.408360e-08 1.619097e-08 1.397308e-08 1.491170e-08 1.524204e-08 1.499291e-08 1.516896e-08 1.441971e-08 1.450269e-08 1.520513e-08 1.388872e-08 1.505459e-08 1.641030e-08 1.522050e-08 1.546940e-08 1.465934e-08 1.526444e-08 1.468030e-08 1.422285e-08 1.521205e-08 1.454475e-08 1.457911e-08 1.473083e-08
1.429106e-08 1.565989e-08 1.585370e-08 1.618497e-08 1.654684e-08 1.431582e-08 1.606541e-08 1.543451e-08 1.601765e-08 1.517718e-08 1.538374e-08 1.500785e-08 1.484590e-08 1.538640e-08 1.579952e-08 1.597821e-08 1.439604e-08 1.584184e-08 1.527935e-08 1.463359e-08 1.598524e-08 1.529764e-08 1.548966e-08 1.488224e-08 1.487868e-08 1.593762e-08 1.425376e-08 1.605209e-08 1.327254e-08 1.619536e-08 1.502882e-08 1.484453e-08 1.475511e-08 1.657692e-08 1.493846e-08 1.478686e-08 1.392722e-08 1.614911e-08 1.462784e-08 1.506685e-08 1.500026e-08 1.464017e-08 1.412121e-08 1.503504e-08 1.453321e-08 1.358624e-08 1.519689e-08 1.509545e-08 1.589067e-08 1.565600e-08
1.526299e-08 1.551171e-08 1.532213e-08 1.523381e-08 1.683025e-08 1.622518e-08 1.494909e-08 1.617029e-08 1.638896e-08 1.674645e-08 1.616375e-08 1.637137e-08 1.567148e-08 1.619557e-08 1.563798e-08 1.594373e-08 1.517190e-08 1.605997e-08 1.428963e-08 1.573518e-08 1.550256e-08 1.542620e-08 1.524919e-08 1.397116e-08 1.534888e-08 1.479575e-08 1.538768e-08 1.510464e-08 1.542963e-08 1.609553e-08 1.649482e-08 1.498111e-08 1.603461e-08 1.575522e-08 1.420099e-08 1.645962e-08 1.502088e-08 1.427943e-08 1.520534e-08 1.588060e-08 1.504797e-08 1.626592e-08 1.540152e-08 1.387393e-08 1.497345e-08 1.585392e-08 1.369268e-08 1.529456e-08 1.480921e-08 1.478432e-08
1.550864e-08 1.534060e-08 1.656911e-08 1.435450e-08 1.443447e-08 1.551678e-08 1.468502e-08 1.494595e-08 1.447307e-08 1.526627e-08 1.442153e-08 1.624976e-08 1.440840e-08 1.487319e-08 1.466745e-08 1.619793e-08 1.620352e-08 1.518654e-08 1.499888e-08 1.519417e-08 1.466483e-08 1.575469e-08 1.539236e-08 1.464842e-08 1.480572e-08 1.500757e-08 1.560484e-08 1.433380e-08 1.544372e-08 1.501687e-08 1.581835e-08 1.410648e-08 1.511052e-08 1.492138e-08 1.520383e-08 1.522461e-08 1.591345e-08 1.436321e-08 1.548696e-08 1.590442e-08 1.631969e-08 1.579332e-08 1.642902e-08 1.663861e-08 1.545075e-08 1.683945e-08 1.518320e-08 1.493929e-08 1.371246e-08 1.433528e-08
1.594073e-08 1.597009e-08 1.537645e-08 1.569103e-08 1.471251e-08 1.634982e-08 1.561760e-08 1.655272e-08 1.422913e-08 1.373810e-08 1.582423e-08 1.547946e-08 1.566504e-08 1.613709e-08 1.429628e-08 1.603904e-08 1.523680e-08 1.625066e-08 1.477855e-08 1.525866e-08 1.530424e-08 1.517363e-08 1.643269e-08 1.515595e-08 1.416230e-08 1.511900e-08 1.534248e-08 1.532017e-08 1.453541e-08 1.505633e-08 1.503062e-08 1.492249e-08 1.431006e-08 1.487345e-08 1.464189e-08 1.532343e-08 1.500302e-08 1.449102e-08 1.536893e-08 1.556050e-08 1.614077e-08 1.444163e-08 1.561754e-08 1.496703e-08 1.483233e-08 1.495649e-08 1.390767e-08 1.540577e-08 1.582804e-08 1.611895e-08
1.639096e-08 1.722890e-08 1.480872e-08 1.589284e-08 1.465139e-08 1.477084e-08 1.512227e-08 1.562282e-08 1.567877e-08 1.535457e-08 1.595117e-08 1.550083e-08 1.556148e-08 1.476936e-08 1.552991e-08 1.503808e-08 1.499984e-08 1.598211e-08 1.614908e-08 1.498913e-08 1.544358e-08 1.628100e-08 1.612004e-08 1.543900e-08 1.606445e-08 1.554324e-08 1.613144e-08 1.454433e-08 1.579481e-08 1.536130e-08 1.575180e-08 1.546094e-08 1.601150e-08 1.497087e-08 1.564245e-08 1.484355e-08 1.474448e-08 1.567598e-08 1.490677e-08 1.451104e-08 1.527479e-08 1.708768e-08 1.433578e-08 1.697129e-08 1.555136e-08 1.499839e-08 1.512766e-08 1.572796e-08 1.605311e-08 1.478083e-08
1.573502e-08 1.568813e-08 1.575200e-08 1.499959e-08 1.609573e-08 1.529230e-08 1.482613e-08 1.671538e-08 1.576568e-08 1.477483e-08 1.499284e-08 1.563441e-08 1.652244e-08 1.569510e-08 1.570411e-08 1.550082e-08 1.647133e-08 1.690641e-08 1.457575e-08 1.603130e-08 1.652919e-08 1.478010e-08 1.545775e-08 1.598036e-08 1.527033e-08 1.507885e-08 1.625460e-08 1.594253e-08 1.554276e-08 1.676845e-08 1.420475e-08 1.640248e-08 1.425271e-08 1.586401e-08 1.582228e-08 1.620147e-08 1.482687e-08 1.532761e-08 1.523164e-08 1.682436e-08 1.656540e-08 1.524065e-08 1.651001e-08 1.540105e-08 1.535386e-08 1.364414e-08 1.522700e-08 1.533054e-08 1.498818e-08 1.562650e-08
1.495560e-08 1.526641e-08 1.521113e-08 1.656350e-08 1.477148e-08 1.575858e-08 1.585715e-08 1.639237e-08 1.626866e-08 1.598734e-08 1.565976e-08 1.494728e-08 1.695587e-08 1.676391e-08 1.486032e-08 1.621141e-08 1.491080e-08 1.646345e-08 1.561455e-08 1.586498e-08 1.599386e-08 1.737196e-08 1.570878e-08 1.450012e-08 1.484018e-08 1.487067e-08 1.533773e-08 1.600427e-08 1.524700e-08 1.544795e-08 1.503219e-08 1.614376e-08 1.720972e-08 1.579551e-08 1.555549e-08 1.453101e-08 1.558294e-08 1.665703e-08 1.578066e-08 1.526074e-08 1.604322e-08 1.388652e-08 1.626066e-08 1.605403e-08 1.622584e-08 1.474893e-08 1.566444e-08 1.680235e-08 1.573287e-08 1.647381e-08
1.533296e-08 1.646339e-08 1.597597e-08 1.536065e-08 1.641376e-08 1.508045e-08 1.639320e-08 1.577041e-08 1.599180e-08 1.628868e-08 1.585628e-08 1.535779e-08 1.531373e-08 1.546105e-08 1.696824e-08 1.524720e-08 1.637200e-08 1.633069e-08 1.647197e-08 1.532476e-08 1.621189e-08 1.518788e-08 1.615771e-08 1.544504e-08 1.711364e-08 1.496088e-08 1.577189e-08 1.379214e-08 1.545667e-08 1.538742e-08 1.651631e-08 1.608962e-08 1.567342e-08 1.581269e-08 1.507351e-08 1.466622e-08 1.553877e-08 1.591661e-08 1.602905e-08 1.562252e-08 1.580980e-08 1.629388e-08 1.698523e-08 1.524224e-08 1.646867e-08 1.470909e-08 1.665626e-08 1.572252e-08 1.652531e-08 1.766006e-08
1.505734e-08 1.637805e-08 1.597715e-08 1.531563e-08 1.565942e-08 1.559377e-08 1.631265e-08 1.576295e-08 1.560241e-08 1.584443e-08 1.632456e-08 1.561295e-08 1.621264e-08 1.634802e-08 1.529808e-08 1.637029e-08 1.524931e-08 1.516544e-08 1.577268e-08 1.538120e-08 1.526658e-08 1.512461e-08 1.580831e-08 1.621949e-08 1.611079e-08 1.492840e-08 1.568271e-08 1.541696e-08 1.534576e-08 1.443592e-08 1.616244e-08 1.594018e-08 1.560681e-08 1.468308e-08 1.514655e-08 1.522417e-08 1.567920e-08 1.588489e-08 1.563273e-08 1.527025e-08 1.620054e-08 1.505333e-08 1.550329e-08 1.558188e-08 1.483109e-08 1.546155e-08 1.645232e-08 1.608151e-08 1.575983e-08 1.530594e-08
1.507013e-08 1.552553e-08 1.616189e-08 1.678726e-08 1.535950e-08 1.520049e-08 1.458612e-08 1.659291e-08 1.624921e-08 1.544919e-08 1.593650e-08 1.568139e-08 1.590443e-08 1.614895e-08 1.579252e-08 1.604019e-08 1.654505e-08 1.520671e-08 1.569602e-08 1.691480e-08 1.548210e-08 1.683326e-08 1.708402e-08 1.606467e-08 1.585554e-08 1.653767e-08 1.549498e-08 1.566720e-08 1.559215e-08 1.615676e-08 1.538167e-08 1.650379e-08 1.498215e-08 1.602390e-08 1.637716e-08 1.735942e-08 1.670781e-08 1.587443e-08 1.541444e-08 1.531760e-08 1.600147e-08 1.641727e-08 1.712715e-08 1.387070e-08 1.672070e-08 1.651820e-08 1.664889e-08 1.513918e-08 1.620099e-08 1.581966e-08
1.497036e-08 1.600582e-08 1.588974e-08 1.656415e-08 1.556816e-08 1.683838e-08 1.637156e-08 1.660048e-08 1.583904e-08 1.678299e-08 1.607900e-08 1.644137e-08 1.557461e-08 1.713292e-08 1.590312e-08 1.563191e-08 1.634284e-08 1.628575e-08 1.529991e-08 1.544786e-08 1.553684e-08 1.530090e-08 1.707271e-08 1.682792e-08 1.470901e-08 1.526741e-08 1.550623e-08 1.638901e-08 1.555419e-08 1.673456e-08 1.568986e-08 1.570472e-08 1.633984e-08 1.501040e-08 1.546766e-08 1.624852e-08 1.689628e-08 1.451335e-08 1.623374e-08 1.571479e-08 1.579530e-08 1.570807e-08 1.600449e-08 1.585754e-08 1.594257e-08 1.496231e-08 1.698834e-08 1.620062e-08 1.596653e-08 1.681591e-08
1.494506e-08 1.602920e-08 1.462257e-08 1.511453e-08 1.695771e-08 1.540666e-08 1.641954e-08 1.518555e-08 1.515691e-08 1.642027e-08 1.588110e-08 1.525053e-08 1.652577e-08 1.477400e-08 1.499754e-08 1.643017e-08 1.605064e-08 1.711037e-08 1.491110e-08 1.660423e-08 1.510546e-08 1.561596e-08 1.676508e-08 1.557617e-08 1.677759e-08 1.568732e-08 1.543907e-08 1.710463e-08 1.647442e-08 1.589837e-08 1.530561e-08 1.720706e-08 1.690164e-08 1.536798e-08 1.545064e-08 1.562901e-08 1.657512e-08 1.763926e-08 1.566218e-08 1.684765e-08 1.607601e-08 1.610382e-08 1.544549e-08 1.719021e-08 1.610286e-08 1.687015e-08 1.585242e-08 1.600579e-08 1.677203e-08 1.633152e-08
1.555819e-08 1.573565e-08 1.605729e-08 1.587842e-08 1.749462e-08 1.680255e-08 1.614585e-08 1.689921e-08 1.532972e-08 1.627040e-08 1.704638e-08 1.596221e-08 1.578153e-08 1.655262e-08 1.686230e-08 1.583838e-08 1.596941e-08 1.709567e-08 1.661557e-08 1.639411e-08 1.613479e-08 1.677486e-08 1.597013e-08 1.573537e-08 1.651694e-08 1.546591e-08 1.671593e-08 1.638498e-08 1.744238e-08 1.602193e-08 1.701415e-08 1.661302e-08 1.483832e-08 1.525991e-08 1.626878e-08 1.552691e-08 1.634407e-08 1.570745e-08 1.557072e-08 1.592687e-08 1.587543e-08 1.599302e-08 1.689821e-08 1.627040e-08 1.552922e-08 1.552503e-08 1.631312e-08 1.741738e-08 1.514953e-08 1.641342e-08
1.556955e-08 1.654989e-08 1.599789e-08 1.691147e-08 1.668439e-08 1.650690e-08 1.625058e-08 1.676452e-08 1.544558e-08 1.581354e-08 1.627738e-08 1.591588e-08 1.580949e-08 1.660434e-08 1.592147e-08 1.638823e-08 1.686312e-08 1.639563e-08 1.654885e-08 1.608366e-08 1.620294e-08 1.596863e-08 1.675353e-08 1.627011e-08 1.572384e-08 1.740566e-08 1.641079e-08 1.665235e-08 1.594447e-08 1.628795e-08 1.672765e-08 1.614626e-08 1.503871e-08 1.659719e-08 1.570468e-08 1.583332e-08 1.554449e-08 1.683659e-08 1.589718e-08 1.571450e-08 1.715790e-08 1.558286e-08 1.734152e-08 1.690386e-08 1.656497e-08 1.593983e-08 1.619684e-08 1.600147e-08 1.508753e-08 1.734324e-08
1.696956e-08 1.540766e-08 1.609464e-08 1.702153e-08 1.675361e-08 1.685328e-08 1.677104e-08 1.590522e-08 1.610952e-08 1.745271e-08 1.642659e-08 1.777608e-08 1.651060e-08 1.508551e-08 1.677583e-08 1.595723e-08 1.547998e-08 1.570795e-08 1.555945e-08 1.724328e-08 1.637179e-08 1.563095e-08 1.631301e-08 1.562407e-08 1.610201e-08 1.811499e-08 1.576873e-08 1.523597e-08 1.644126e-08 1.587621e-08 1.614786e-08 1.538030e-08 1.564423e-08 1.598731e-08 1.675876e-08 1.659648e-08 1.652837e-08 1.640510e-08 1.541094e-08 1.650067e-08 1.628148e-08 1.548646e-08 1.665471e-08 1.758793e-08 1.664878e-08 1.735098e-08 1.546993e-08 1.728918e-08 1.575981e-08 1.658532e-08
1.631256e-08 1.749048e-08 1.600964e-08 1.604956e-08 1.647079e-08 1.769171e-08 1.596055e-08 1.707021e-08 1.662785e-08 1.606799e-08 1.767324e-08 1.767296e-08 1.607672e-08 1.729638e-08 1.643484e-08 1.710398e-08 1.707904e-08 1.720332e-08 1.707402e-08 1.672516e-08 1.644310e-08 1.660734e-08 1.619504e-08 1.683069e-08 1.722382e-08 1.602019e-08 1.528415e-08 1.604115e-08 1.520673e-08 1.669423e-08 1.672566e-08 1.603989e-08 1.551495e-08 1.579932e-08 1.805149e-08 1.667999e-08 1.629431e-08 1.703476e-08 1.598238e-08 1.820318e-08 1.697518e-08 1.627237e-08 1.640595e-08 1.653985e-08 1.615872e-08 1.629019e-08 1.692060e-08 1.681668e-08 1.688981e-08 1.630262e-08
1.582985e-08 1.659113e-08 1.625550e-08 1.665263e-08 1.624787e-08 1.642870e-08 1.693105e-08 1.507360e-08 1.704789e-08 1.680868e-08 1.683406e-08 1.658866e-08 1.674995e-08 1.564685e-08 1.682940e-08 1.753830e-08 1.574342e-08 1.700194e-08 1.749214e-08 1.651942e-08 1.736111e-08 1.781435e-08 1.525288e-08 1.543155e-08 1.600635e-08 1.632890e-08 1.676476e-08 1.628077e-08 1.549140e-08 1.579259e-08 1.653562e-08 1.632467e-08 1.614488e-08 1.538926e-08 1.611094e-08 1.688914e-08 1.638628e-08 1.742105e-08 1.588073e-08 1.641318e-08 1.701387e-08 1.775311e-08 1.642178e-08 1.542994e-08 1.700596e-08 1.705802e-08 1.726848e-08 1.697208e-08 1.775098e-08 1.741041e-08
1.645611e-08 1.594795e-08 1.850777e-08 1.638703e-08 1.588540e-08 1.628185e-08 1.655813e-08 1.479651e-08 1.704228e-08 1.690056e-08 1.625504e-08 1.661093e-08 1.691962e-08 1.657029e-08 1.739912e-08 1.625604e-08 1.756904e-08 1.687898e-08 1.813415e-08 1.500693e-08 1.696146e-08 1.555603e-08 1.670005e-08 1.614330e-08 1.621887e-08 1.586250e-08 1.564677e-08 1.777095e-08 1.662935e-08 1.579617e-08 1.563475e-08 1.544516e-08 1.555657e-08 1.632018e-08 1.628155e-08 1.541607e-08 1.806461e-08 1.742051e-08 1.639118e-08 1.666708e-08 1.629020e-08 1.699077e-08 1.691851e-08 1.707157e-08 1.790342e-08 1.793295e-08 1.774520e-08 1.711502e-08 1.699400e-08 1.691992e-08
1.673290e-08 1.712901e-08 1.735739e-08 1.658016e-08 1.680690e-08 1.685177e-08 1.662208e-08 1.690189e-08 1.701158e-08 1.697275e-08 1.627600e-08 1.690586e-08 1.800789e-08 1.657220e-08 1.863235e-08 1.669079e-08 1.753512e-08 1.720329e-08 1.603476e-08 1.786021e-08 1.638370e-08 1.762431e-08 1.570883e-08 1.649345e-08 1.763417e-08 1.752023e-08 1.652928e-08 1.545478e-08 1.723292e-08 1.686708e-08 1.648954e-08 1.706477e-08 1.687570e-08 1.703556e-08 1.658968e-08 1.681920e-08 1.670935e-08 1.626587e-08 1.668393e-08 1.695211e-08 1.702411e-08 1.643707e-08 1.652494e-08 1.663468e-08 1.777124e-08 1.578463e-08 1.690058e-08 1.707844e-08 1.746786e-08 1.626554e-08
1.603638e-08 1.755277e-08 1.639042e-08 1.602619e-08 1.610125e-08 1.829644e-08 1.611787e-08 1.747136e-08 1.734621e-08 1.623289e-08 1.705842e-08 1.749853e-08 1.735243e-08 1.642590e-08 1.634609e-08 1.562387e-08 1.688173e-08 1.628675e-08 1.734192e-08 1.633746e-08 1.663488e-08 1.659600e-08 1.635432e-08 1.645521e-08 1.568947e-08 1.704023e-08 1.684264e-08 1.605131e-08 1.519028e-08 1.707580e-08 1.578360e-08 1.659292e-08 1.727324e-08 1.677317e-08 1.649701e-08 1.690887e-08 1.624809e-08 1.549973e-08 1.698803e-08 1.591257e-08 1.625063e-08 1.653016e-08 1.596202e-08 1.815716e-08 1.701329e-08 1.646977e-08 1.653308e-08 1.625043e-08 1.622323e-08 1.695263e-08
