data/gps2f_nb_force_rot_Y.grd
DSAA
361 181
-180 180
-90 90
-2.186495e-08 2.176821e-08
[rows 138 to 160 of 181, columns 255 to 305 of 361]
-1.463247e-08 -1.444036e-08 -1.414379e-08 -1.358359e-08 -1.262931e-08 -1.458294e-08 -1.494849e-08 -1.515774e-08 -1.481548e-08 -1.340184e-08 -1.525558e-08 -1.377661e-08 -1.550651e-08 -1.545978e-08 -1.628250e-08 -1.429231e-08 -1.386654e-08 -1.480876e-08 -1.486793e-08 -1.461155e-08 -1.471446e-08 -1.423245e-08 -1.477358e-08 -1.469791e-08 -1.453813e-08 -1.324520e-08 -1.417333e-08 -1.349156e-08 -1.375599e-08 -1.537158e-08 -1.469865e-08 -1.358727e-08 -1.656995e-08 -1.391177e-08 -1.299703e-08 -1.446440e-08 -1.411718e-08 -1.416425e-08 -1.336615e-08 -1.387097e-08 -1.356443e-08 -1.228267e-08 -1.592626e-08 -1.222393e-08 -1.411413e-08 -1.371348e-08 -1.228919e-08 -1.155755e-08 -1.306718e-08 -1.131412e-08 -1.123518e-08
-1.327448e-08 -1.290177e-08 -1.289107e-08 -1.396982e-08 -1.289365e-08 -1.371624e-08 -1.363197e-08 -1.441581e-08 -1.406745e-08 -1.369498e-08 -1.271797e-08 -1.396294e-08 -1.440298e-08 -1.346887e-08 -1.318916e-08 -1.280442e-08 -1.326395e-08 -1.547279e-08 -1.324175e-08 -1.316852e-08 -1.427469e-08 -1.246153e-08 -1.272336e-08 -1.342701e-08 -1.524655e-08 -1.451660e-08 -1.385902e-08 -1.475661e-08 -1.453009e-08 -1.452994e-08 -1.275784e-08 -1.445057e-08 -1.257522e-08 -1.278353e-08 -1.278465e-08 -1.210746e-08 -1.314421e-08 -1.285379e-08 -1.269999e-08 -1.372657e-08 -1.313091e-08 -1.276470e-08 -1.326921e-08 -1.294757e-08 -1.431560e-08 -1.369802e-08 -1.246031e-08 -1.240767e-08 -1.346738e-08 -1.216001e-08 -1.346604e-08
-1.273994e-08 -1.287962e-08 -1.366455e-08 -1.458193e-08 -1.235287e-08 -1.492246e-08 -1.398778e-08 -1.335934e-08 -1.360505e-08 -1.382915e-08 -1.298704e-08 -1.523051e-08 -1.299569e-08 -1.426939e-08 -1.330528e-08 -1.324202e-08 -1.215631e-08 -1.353899e-08 -1.234118e-08 -1.528233e-08 -1.289022e-08 -1.350119e-08 -1.360155e-08 -1.414447e-08 -1.503632e-08 -1.403840e-08 -1.400350e-08 -1.439040e-08 -1.390853e-08 -1.437565e-08 -1.397615e-08 -1.422714e-08 -1.351470e-08 -1.258235e-08 -1.298721e-08 -1.243591e-08 -1.214109e-08 -1.194098e-08 -1.198945e-08 -1.298615e-08 -1.391049e-08 -1.277522e-08 -1.319720e-08 -1.415090e-08 -1.290605e-08 -1.431549e-08 -1.096583e-08 -1.250125e-08 -1.265485e-08 -1.195277e-08 -1.135092e-08
-1.200575e-08 -1.217326e-08 -1.268630e-08 -1.264991e-08 -1.312208e-08 -1.219981e-08 -1.362261e-08 -1.499491e-08 -1.399874e-08 -1.378638e-08 -1.281447e-08 -1.263079e-08 -1.303862e-08 -1.268595e-08 -1.238490e-08 -1.191374e-08 -1.355672e-08 -1.334939e-08 -1.335649e-08 -1.260904e-08 -1.341913e-08 -1.394368e-08 -1.383541e-08 -1.375720e-08 -1.173848e-08 -1.392433e-08 -1.230516e-08 -1.270703e-08 -1.287925e-08 -1.352161e-08 -1.190815e-08 -1.288004e-08 -1.304983e-08 -1.253681e-08 -1.254050e-08 -1.299666e-08 -1.209819e-08 -1.170622e-08 -1.434743e-08 -1.259436e-08 -1.380029e-08 -1.255788e-08 -1.336551e-08 -1.169406e-08 -1.179161e-08 -1.211737e-08 -1.169312e-08 -1.183717e-08 -1.307676e-08 -1.189409e-08 -9.681236e-09
-1.195657e-08 -1.272418e-08 -1.318538e-08 -1.336312e-08 -1.339183e-08 -1.161830e-08 -1.244481e-08 -1.173247e-08 -1.234861e-08 -1.261530e-08 -1.312175e-08 -1.263136e-08 -1.228286e-08 -1.235019e-08 -1.347536e-08 -1.267110e-08 -1.311217e-08 -1.362847e-08 -1.367622e-08 -1.335089e-08 -1.325207e-08 -1.337489e-08 -1.281216e-08 -1.113428e-08 -1.328155e-08 -1.165648e-08 -1.334178e-08 -1.291675e-08 -1.171747e-08 -1.257845e-08 -1.212516e-08 -1.194275e-08 -1.265453e-08 -1.141939e-08 -1.304383e-08 -1.389293e-08 -1.215321e-08 -1.164722e-08 -1.080204e-08 -1.238001e-08 -1.137741e-08 -1.220085e-08 -1.312589e-08 -1.165394e-08 -1.179344e-08 -1.277373e-08 -1.095071e-08 -1.189743e-08 -1.174603e-08 -1.107133e-08 -1.107803e-08
-1.188100e-08 -1.282190e-08 -1.158574e-08 -1.244507e-08 -1.157832e-08 -1.397602e-08 -1.285294e-08 -1.206044e-08 -1.334154e-08 -1.400744e-08 -1.301990e-08 -1.233258e-08 -1.230457e-08 -1.081292e-08 -1.131699e-08 -1.209498e-08 -1.127760e-08 -1.272752e-08 -1.330002e-08 -1.252541e-08 -1.423333e-08 -1.257556e-08 -1.196377e-08 -1.258802e-08 -1.209870e-08 -1.194177e-08 -1.155524e-08 -1.264403e-08 -1.171681e-08 -1.234104e-08 -1.137336e-08 -1.210991e-08 -1.297714e-08 -1.248585e-08 -1.093357e-08 -1.185393e-08 -1.183094e-08 -1.267845e-08 -1.136642e-08 -1.102933e-08 -1.120138e-08 -1.087316e-08 -1.199385e-08 -1.145411e-08 -1.152510e-08 -1.258942e-08 -1.171198e-08 -1.127200e-08 -1.107502e-08 -1.087104e-08 -1.124688e-08
-1.217767e-08 -1.328114e-08 -1.275718e-08 -1.325808e-08 -1.088168e-08 -1.125774e-08 -1.220269e-08 -1.172795e-08 -1.120102e-08 -1.322132e-08 -1.218984e-08 -1.294637e-08 -1.212145e-08 -1.223107e-08 -1.152042e-08 -1.227100e-08 -1.163911e-08 -1.182863e-08 -1.189044e-08 -1.206666e-08 -1.176852e-08 -1.396097e-08 -1.358300e-08 -1.161959e-08 -1.256651e-08 -1.251040e-08 -1.098716e-08 -1.222331e-08 -1.106979e-08 -1.089546e-08 -1.110351e-08 -1.068147e-08 -1.113857e-08 -1.269401e-08 -1.234161e-08 -1.195869e-08 -1.053370e-08 -1.170550e-08 -1.263280e-08 -1.238790e-08 -1.169033e-08 -1.249789e-08 -1.181567e-08 -1.250967e-08 -1.064764e-08 -1.254597e-08 -1.058238e-08 -1.167168e-08 -1.286444e-08 -1.078363e-08 -1.106929e-08
-1.316152e-08 -1.256214e-08 -1.129791e-08 -1.118336e-08 -9.769894e-09 -1.311406e-08 -1.179422e-08 -1.079951e-08 -1.101905e-08 -1.301002e-08 -1.171422e-08 -1.218872e-08 -1.387376e-08 -1.101675e-08 -1.242630e-08 -1.196085e-08 -1.146774e-08 -1.234669e-08 -1.277626e-08 -1.085139e-08 -1.298010e-08 -1.325195e-08 -1.175178e-08 -1.143170e-08 -1.241890e-08 -1.250464e-08 -1.215480e-08 -1.223789e-08 -1.259678e-08 -1.113266e-08 -1.209444e-08 -1.329430e-08 -1.120158e-08 -9.991438e-09 -1.132522e-08 -1.106770e-08 -1.154590e-08 -9.892040e-09 -1.174003e-08 -1.021223e-08 -1.052588e-08 -1.161750e-08 -1.150681e-08 -1.064540e-08 -1.162450e-08 -1.106830e-08 -1.144085e-08 -9.619350e-09 -1.060944e-08 -1.003231e-08 -1.039397e-08
-1.168084e-08 -1.366103e-08 -1.224923e-08 -1.257306e-08 -1.100338e-08 -1.142580e-08 -1.126590e-08 -1.183174e-08 -1.238952e-08 -1.263768e-08 -1.194124e-08 -1.240486e-08 -1.225258e-08 -1.121379e-08 -9.868242e-09 -1.124209e-08 -1.147249e-08 -1.023650e-08 -1.084489e-08 -1.104518e-08 -1.168774e-08 -1.285282e-08 -1.334451e-08 -1.034306e-08 -1.096725e-08 -1.142877e-08 -1.222783e-08 -1.072088e-08 -1.211127e-08 -1.223688e-08 -1.216970e-08 -1.149867e-08 -1.250383e-08 -1.035377e-08 -1.133155e-08 -1.200959e-08 -1.009867e-08 -1.185767e-08 -1.046675e-08 -1.130845e-08 -1.175587e-08 -1.175984e-08 -1.070005e-08 -1.142218e-08 -1.096260e-08 -1.159170e-08 -1.061503e-08 -1.164152e-08 -1.076037e-08 -9.059210e-09 -1.113492e-08
-1.329415e-08 -1.161761e-08 -1.002065e-08 -9.628208e-09 -9.793877e-09 -1.060624e-08 -1.118477e-08 -1.102978e-08 -1.049267e-08 -1.148569e-08 -1.101557e-08 -1.220209e-08 -1.069908e-08 -1.097796e-08 -1.302551e-08 -1.194928e-08 -1.065489e-08 -1.026589e-08 -1.098794e-08 -1.062032e-08 -1.035572e-08 -1.047661e-08 -1.115048e-08 -1.120766e-08 -1.089645e-08 -1.208485e-08 -1.131962e-08 -1.195089e-08 -1.280281e-08 -1.182931e-08 -1.066631e-08 -1.269062e-08 -1.039452e-08 -1.094066e-08 -9.914312e-09 -9.552576e-09 -1.092348e-08 -1.346713e-08 -1.142136e-08 -1.031050e-08 -1.012021e-08 -9.502834e-09 -8.825161e-09 -1.108321e-08 -1.019379e-08 -1.095655e-08 -1.090806e-08 -9.286196e-09 -1.051458e-08 -9.476624e-09 -8.225580e-09
-8.989999e-09 -1.161132e-08 -9.643597e-09 -9.450628e-09 -9.264610e-09 -1.110251e-08 -1.186292e-08 -1.205283e-08 -1.077948e-08 -9.862202e-09 -1.216735e-08 -1.047486e-08 -1.047201e-08 -1.030176e-08 -1.071562e-08 -9.938073e-09 -1.000441e-08 -1.205534e-08 -1.114813e-08 -1.087750e-08 -1.123858e-08 -1.044421e-08 -9.894477e-09 -1.078248e-08 -1.004020e-08 -9.622433e-09 -1.034198e-08 -1.077921e-08 -1.045691e-08 -1.095505e-08 -9.555930e-09 -8.938810e-09 -1.097986e-08 -1.090875e-08 -8.756811e-09 -1.037494e-08 -9.120654e-09 -1.194524e-08 -9.814677e-09 -1.137688e-08 -1.009637e-08 -1.018873e-08 -9.637557e-09 -8.780192e-09 -1.024930e-08 -9.592310e-09 -1.093042e-08 -1.087237e-08 -8.539434e-09 -8.519758e-09 -9.900964e-09
-1.093461e-08 -1.127574e-08 -1.101401e-08 -1.015098e-08 -9.427968e-09 -9.557525e-09 -1.008571e-08 -1.060283e-08 -1.061910e-08 -9.347073e-09 -1.026270e-08 -9.977543e-09 -1.108752e-08 -1.086282e-08 -1.192783e-08 -9.912934e-09 -9.252864e-09 -1.015088e-08 -9.769699e-09 -1.121938e-08 -9.011634e-09 -1.139547e-08 -1.030098e-08 -1.019755e-08 -8.762013e-09 -9.868426e-09 -9.980199e-09 -9.710230e-09 -1.001404e-08 -9.876274e-09 -1.118420e-08 -1.010648e-08 -1.115917e-08 -9.293068e-09 -9.307102e-09 -1.023422e-08 -1.007417e-08 -8.715706e-09 -8.840689e-09 -8.340496e-09 -1.045393e-08 -9.173066e-09 -9.508487e-09 -8.692461e-09 -9.903718e-09 -9.910730e-09 -8.439640e-09 -7.759705e-09 -7.840516e-09 -8.979170e-09 -8.621654e-09
-1.340806e-08 -1.008061e-08 -8.552084e-09 -9.285253e-09 -9.028732e-09 -9.449720e-09 -1.021500e-08 -1.058786e-08 -9.803110e-09 -1.017481e-08 -9.787194e-09 -1.061338e-08 -1.116455e-08 -1.106445e-08 -1.054832e-08 -1.184383e-08 -1.102061e-08 -1.001729e-08 -9.409484e-09 -1.034924e-08 -1.068605e-08 -8.504908e-09 -9.840918e-09 -1.041571e-08 -9.423725e-09 -8.580064e-09 -1.099446e-08 -8.676835e-09 -1.097013e-08 -1.179819e-08 -9.956118e-09 -1.007579e-08 -8.407937e-09 -1.046947e-08 -1.129501e-08 -9.761034e-09 -9.286310e-09 -9.877652e-09 -1.011253e-08 -9.907599e-09 -9.092960e-09 -9.079482e-09 -9.283890e-09 -8.516754e-09 -8.649870e-09 -8.159204e-09 -7.771863e-09 -8.807095e-09 -1.004375e-08 -8.259382e-09 -9.220948e-09
-8.941793e-09 -8.423620e-09 -8.965558e-09 -8.928847e-09 -1.050116e-08 -1.022401e-08 -9.927802e-09 -9.834807e-09 -8.514269e-09 -8.553616e-09 -9.576578e-09 -1.053145e-08 -1.015434e-08 -9.215321e-09 -1.046701e-08 -8.926745e-09 -1.039540e-08 -8.614228e-09 -1.009526e-08 -1.011004e-08 -8.811174e-09 -9.685869e-09 -8.701004e-09 -1.018053e-08 -9.595401e-09 -8.891411e-09 -1.059261e-08 -1.034019e-08 -9.428704e-09 -8.741797e-09 -9.926893e-09 -8.807407e-09 -1.089612e-08 -8.653779e-09 -9.247109e-09 -9.333450e-09 -9.686610e-09 -1.069289e-08 -1.075058e-08 -9.156330e-09 -9.219370e-09 -8.780959e-09 -6.891455e-09 -8.614108e-09 -8.313923e-09 -9.785043e-09 -7.256799e-09 -7.102679e-09 -8.898656e-09 -9.634456e-09 -7.916188e-09
-9.176924e-09 -7.841524e-09 -8.002638e-09 -9.123835e-09 -9.001240e-09 -8.891567e-09 -1.034054e-08 -9.501382e-09 -8.908716e-09 -9.309147e-09 -9.450097e-09 -1.029828e-08 -1.058010e-08 -1.062536e-08 -9.127587e-09 -1.051063e-08 -1.048873e-08 -1.059151e-08 -1.116589e-08 -8.730400e-09 -8.762417e-09 -9.824326e-09 -1.000298e-08 -7.968653e-09 -9.154900e-09 -9.048656e-09 -8.438006e-09 -1.159147e-08 -1.012737e-08 -8.401442e-09 -7.721545e-09 -9.145154e-09 -8.492733e-09 -8.923549e-09 -9.057613e-09 -7.443596e-09 -9.348433e-09 -8.531086e-09 -8.148755e-09 -7.857594e-09 -6.853611e-09 -9.726930e-09 -7.319741e-09 -7.351687e-09 -7.874553e-09 -1.044379e-08 -8.164996e-09 -7.902514e-09 -7.254741e-09 -8.270254e-09 -7.115924e-09
-9.447550e-09 -7.684556e-09 -8.768364e-09 -8.739823e-09 -7.549839e-09 -8.667295e-09 -8.012457e-09 -9.431536e-09 -8.374449e-09 -8.882862e-09 -9.414310e-09 -8.981355e-09 -9.324173e-09 -1.170648e-08 -8.728903e-09 -9.462115e-09 -8.153809e-09 -8.031920e-09 -8.305659e-09 -9.483990e-09 -1.010358e-08 -7.024130e-09 -8.747036e-09 -9.954417e-09 -8.576315e-09 -1.067492e-08 -9.021794e-09 -8.941128e-09 -8.413730e-09 -8.742094e-09 -8.580763e-09 -8.465354e-09 -1.020406e-08 -7.866915e-09 -8.189480e-09 -8.859494e-09 -8.156088e-09 -8.260534e-09 -8.222017e-09 -8.307754e-09 -8.581444e-09 -9.237804e-09 -6.682175e-09 -8.445906e-09 -7.344592e-09 -7.179889e-09 -7.704409e-09 -7.507722e-09 -6.658694e-09 -7.455990e-09 -5.894286e-09
-8.277593e-09 -7.981382e-09 -8.446059e-09 -8.227841e-09 -9.245528e-09 -7.298188e-09 -8.116832e-09 -1.040539e-08 -7.709543e-09 -7.663943e-09 -8.069075e-09 -9.441003e-09 -8.266948e-09 -6.077876e-09 -7.728807e-09 -7.509807e-09 -8.530177e-09 -9.794236e-09 -7.791018e-09 -9.730470e-09 -8.380925e-09 -8.517827e-09 -8.308567e-09 -7.232579e-09 -9.814417e-09 -8.534083e-09 -9.810912e-09 -8.500410e-09 -8.907493e-09 -8.702128e-09 -8.227626e-09 -8.496102e-09 -7.695486e-09 -8.118147e-09 -8.383551e-09 -8.655150e-09 -9.064668e-09 -8.762673e-09 -9.999365e-09 -5.972612e-09 -7.938024e-09 -9.139996e-09 -7.667381e-09 -8.117587e-09 -6.890135e-09 -7.135642e-09 -6.902154e-09 -7.506981e-09 -8.605149e-09 -6.843444e-09 -7.843348e-09
-8.020088e-09 -6.861069e-09 -1.013179e-08 -9.287664e-09 -6.721303e-09 -9.989588e-09 -7.531179e-09 -6.983677e-09 -8.462574e-09 -8.753307e-09 -8.514889e-09 -6.993622e-09 -8.753548e-09 -9.268171e-09 -8.117943e-09 -9.920077e-09 -9.307667e-09 -9.437164e-09 -8.647927e-09 -5.937101e-09 -1.002112e-08 -8.414643e-09 -7.910777e-09 -8.079064e-09 -7.059481e-09 -7.695356e-09 -7.856102e-09 -7.991488e-09 -8.262876e-09 -8.858169e-09 -8.364711e-09 -6.773954e-09 -6.461391e-09 -7.939110e-09 -7.702199e-09 -7.999983e-09 -7.673610e-09 -5.665889e-09 -8.134305e-09 -6.517495e-09 -6.913314e-09 -7.366296e-09 -9.019016e-09 -6.865383e-09 -6.925406e-09 -8.713083e-09 -5.855911e-09 -7.233536e-09 -8.051241e-09 -6.217415e-09 -4.709423e-09
-9.727276e-09 -9.252209e-09 -7.811621e-09 -8.860520e-09 -9.998270e-09 -8.644374e-09 -7.988414e-09 -8.718288e-09 -8.429502e-09 -6.431209e-09 -6.752511e-09 -8.324220e-09 -8.017129e-09 -8.122782e-09 -8.276225e-09 -7.610327e-09 -7.187996e-09 -7.137204e-09 -7.385574e-09 -9.273596e-09 -8.762515e-09 -8.082564e-09 -7.743942e-09 -7.806408e-09 -7.797902e-09 -8.640705e-09 -6.710492e-09 -7.650088e-09 -8.301953e-09 -7.735168e-09 -6.665028e-09 -8.087185e-09 -6.678315e-09 -8.571241e-09 -6.760453e-09 -6.606256e-09 -8.271810e-09 -9.600117e-09 -6.650991e-09 -6.258929e-09 -7.917336e-09 -6.139745e-09 -8.573742e-09 -5.741827e-09 -6.787982e-09 -6.215259e-09 -7.292658e-09 -7.731974e-09 -6.777614e-09 -7.408846e-09 -6.133142e-09
-6.561122e-09 -7.619743e-09 -7.204552e-09 -9.706333e-09 -8.750606e-09 -9.760485e-09 -7.049933e-09 -5.969909e-09 -6.736800e-09 -8.137522e-09 -8.604584e-09 -9.476904e-09 -6.871818e-09 -9.054293e-09 -6.588397e-09 -7.679479e-09 -6.611225e-09 -7.510843e-09 -5.406422e-09 -6.204893e-09 -7.562677e-09 -7.569438e-09 -8.316292e-09 -5.159300e-09 -7.752479e-09 -6.734700e-09 -7.261279e-09 -6.931662e-09 -8.143161e-09 -6.826651e-09 -6.283020e-09 -6.824536e-09 -7.905524e-09 -8.859622e-09 -6.133862e-09 -7.437165e-09 -5.740393e-09 -6.583988e-09 -7.392080e-09 -6.574300e-09 -6.708583e-09 -5.229429e-09 -6.316869e-09 -6.713684e-09 -6.267302e-09 -5.638481e-09 -5.871920e-09 -5.839690e-09 -4.725368e-09 -6.684870e-09 -8.127309e-09
-6.663321e-09 -8.262469e-09 -6.214529e-09 -8.543896e-09 -7.154558e-09 -8.406826e-09 -7.742181e-09 -7.242113e-09 -6.066919e-09 -7.497618e-09 -7.611725e-09 -7.447671e-09 -6.620199e-09 -7.509571e-09 -6.094929e-09 -6.623150e-09 -9.014414e-09 -7.748206e-09 -7.507338e-09 -6.833456e-09 -5.634607e-09 -7.187797e-09 -7.790935e-09 -6.158435e-09 -6.335305e-09 -6.650302e-09 -5.923061e-09 -6.943057e-09 -7.404356e-09 -7.946340e-09 -8.650559e-09 -6.461827e-09 -6.658223e-09 -6.552401e-09 -6.994227e-09 -6.309445e-09 -8.141197e-09 -6.475009e-09 -6.139528e-09 -5.733775e-09 -7.848755e-09 -5.038833e-09 -6.199937e-09 -6.161136e-09 -5.918775e-09 -6.366022e-09 -6.399795e-09 -7.187440e-09 -6.115181e-09 -5.933532e-09 -5.253503e-09
-5.542968e-09 -7.765274e-09 -6.784889e-09 -6.958745e-09 -6.901857e-09 -7.152891e-09 -7.968533e-09 -6.970200e-09 -6.134284e-09 -4.942379e-09 -8.447237e-09 -7.542439e-09 -8.088212e-09 -8.941999e-09 -5.942061e-09 -6.171569e-09 -7.681864e-09 -8.198995e-09 -7.168657e-09 -7.407607e-09 -7.575967e-09 -6.660832e-09 -7.461440e-09 -6.323866e-09 -7.500629e-09 -6.591794e-09 -5.946996e-09 -7.009449e-09 -7.854977e-09 -7.277806e-09 -5.238289e-09 -6.388886e-09 -6.413781e-09 -6.442632e-09 -6.384337e-09 -5.412659e-09 -4.644576e-09 -5.519564e-09 -6.567618e-09 -6.152202e-09 -5.962150e-09 -7.878891e-09 -5.368670e-09 -4.941960e-09 -3.303378e-09 -6.220820e-09 -7.268659e-09 -4.336811e-09 -6.362839e-09 -4.725487e-09 -7.262434e-09
-6.872458e-09 -6.043249e-09 -6.072638e-09 -7.112458e-09 -4.385215e-09 -6.129163e-09 -4.936515e-09 -7.179929e-09 -5.398432e-09 -6.715451e-09 -7.552869e-09 -7.156888e-09 -4.626185e-09 -4.961171e-09 -6.972618e-09 -6.945857e-09 -6.446925e-09 -5.896567e-09 -6.640887e-09 -7.505741e-09 -8.099527e-09 -6.233139e-09 -7.465775e-09 -7.788880e-09 -5.710719e-09 -5.416041e-09 -5.085863e-09 -6.250111e-09 -6.375732e-09 -5.357824e-09 -5.575096e-09 -8.174001e-09 -6.332085e-09 -5.297713e-09 -7.053855e-09 -5.114727e-09 -6.230030e-09 -4.747521e-09 -5.838463e-09 -4.778458e-09 -7.815646e-09 -7.495941e-09 -6.212250e-09 -4.925951e-09 -4.285241e-09 -5.767964e-09 -4.583900e-09 -6.589252e-09 -5.311259e-09 -5.533228e-09 -3.946951e-09
