data/gps2f_nb_force_rot_Y.grd
DSAA
361 181
-180 180
-90 90
-2.186495e-08 2.176821e-08
[rows 23 to 45 of 181, columns 204 to 254 of 361]
-2.466223e-09 -2.817763e-09 -3.061244e-09 -3.281130e-09 -3.198792e-09 -3.318813e-09 -3.975704e-09 -3.705112e-09 -3.900600e-09 -4.428399e-09 -3.032529e-09 -4.101200e-09 -3.841468e-09 -4.271946e-09 -4.166367e-09 -4.193847e-09 -4.497960e-09 -4.778296e-09 -4.012881e-09 -4.111921e-09 -4.801999e-09 -4.288089e-09 -5.180151e-09 -5.031703e-09 -5.483979e-09 -5.108863e-09 -4.357978e-09 -5.335421e-09 -5.614829e-09 -5.355743e-09 -5.708573e-09 -5.853816e-09 -5.632160e-09 -5.782553e-09 -5.888580e-09 -5.959938e-09 -6.467527e-09 -5.095353e-09 -5.580582e-09 -6.454028e-09 -6.070616e-09 -5.423452e-09 -6.257817e-09 -6.176217e-09 -6.169874e-09 -6.527415e-09 -6.779265e-09 -6.469882e-09 -6.149814e-09 -6.059143e-09 -6.603428e-09
-3.573045e-09 -3.051873e-09 -2.955668e-09 -3.629697e-09 -3.391567e-09 -2.791587e-09 -4.319622e-09 -3.357578e-09 -3.684740e-09 -3.766748e-09 -4.174237e-09 -4.185864e-09 -4.142962e-09 -4.376967e-09 -4.625669e-09 -5.038403e-09 -4.289379e-09 -4.131740e-09 -4.360951e-09 -4.643957e-09 -5.544187e-09 -4.682668e-09 -5.585335e-09 -5.840430e-09 -5.159036e-09 -5.691509e-09 -5.072572e-09 -5.914442e-09 -5.785324e-09 -5.819648e-09 -6.044549e-09 -5.587010e-09 -5.924846e-09 -6.150913e-09 -6.275706e-09 -5.854154e-09 -6.024619e-09 -5.899851e-09 -5.848717e-09 -6.318277e-09 -6.001616e-09 -6.132681e-09 -6.474101e-09 -6.326665e-09 -6.681873e-09 -6.856903e-09 -6.536050e-09 -6.605903e-09 -6.809392e-09 -6.578045e-09 -6.883278e-09
-1.606963e-09 -3.390457e-09 -3.661257e-09 -3.731672e-09 -4.185038e-09 -3.385228e-09 -3.781454e-09 -4.143479e-09 -4.005283e-09 -4.264307e-09 -4.694789e-09 -4.449943e-09 -3.702426e-09 -4.279940e-09 -4.165766e-09 -4.627446e-09 -5.438626e-09 -5.139460e-09 -5.151069e-09 -5.392825e-09 -5.926989e-09 -5.102597e-09 -5.083928e-09 -5.232357e-09 -5.422141e-09 -6.224135e-09 -5.944971e-09 -6.255085e-09 -5.795678e-09 -6.139945e-09 -6.273110e-09 -6.107661e-09 -7.099640e-09 -6.677938e-09 -6.054093e-09 -5.894951e-09 -6.302745e-09 -6.531658e-09 -6.480956e-09 -6.172368e-09 -6.624219e-09 -7.020669e-09 -6.624883e-09 -7.185216e-09 -6.472840e-09 -6.591110e-09 -6.896929e-09 -6.917543e-09 -6.794284e-09 -6.820892e-09 -7.644434e-09
-3.489073e-09 -2.964603e-09 -3.589901e-09 -3.566379e-09 -3.697681e-09 -3.499297e-09 -3.961418e-09 -4.830523e-09 -3.971003e-09 -4.174694e-09 -3.202447e-09 -4.620702e-09 -4.693748e-09 -4.512569e-09 -4.484301e-09 -5.141865e-09 -4.938159e-09 -4.776882e-09 -5.202688e-09 -5.911685e-09 -5.505937e-09 -5.515804e-09 -5.960958e-09 -5.048365e-09 -5.144868e-09 -5.840298e-09 -6.450454e-09 -5.806553e-09 -6.563329e-09 -6.114324e-09 -6.534224e-09 -5.611420e-09 -5.934659e-09 -6.627568e-09 -6.793082e-09 -6.569217e-09 -6.571357e-09 -7.142506e-09 -6.605362e-09 -6.621709e-09 -7.080018e-09 -7.162446e-09 -6.911632e-09 -7.391744e-09 -6.905237e-09 -7.028069e-09 -7.311116e-09 -7.210156e-09 -8.019757e-09 -7.355238e-09 -7.467176e-09
-2.978115e-09 -3.677601e-09 -3.428731e-09 -3.605744e-09 -3.413626e-09 -4.083192e-09 -4.128541e-09 -4.740681e-09 -4.202708e-09 -4.215788e-09 -4.180077e-09 -4.890112e-09 -5.128872e-09 -4.566644e-09 -4.779860e-09 -4.764240e-09 -5.807866e-09 -5.221910e-09 -5.358358e-09 -6.106846e-09 -4.971569e-09 -6.824976e-09 -5.952975e-09 -6.489499e-09 -6.481700e-09 -6.014135e-09 -6.572156e-09 -5.797842e-09 -6.183125e-09 -7.248524e-09 -7.065006e-09 -6.908528e-09 -7.031575e-09 -6.601516e-09 -6.590429e-09 -7.657010e-09 -6.907440e-09 -7.546166e-09 -6.939152e-09 -7.201624e-09 -7.051779e-09 -6.755581e-09 -7.447239e-09 -6.967762e-09 -7.005978e-09 -7.863972e-09 -7.569476e-09 -8.054836e-09 -7.877208e-09 -7.874539e-09 -8.249868e-09
-3.546747e-09 -3.744816e-09 -4.335339e-09 -3.633581e-09 -3.926951e-09 -4.077572e-09 -5.273721e-09 -4.606829e-09 -4.646186e-09 -5.009184e-09 -4.926847e-09 -4.169845e-09 -5.348580e-09 -5.503998e-09 -5.220377e-09 -5.727113e-09 -5.653976e-09 -5.476660e-09 -6.003788e-09 -6.005859e-09 -5.979247e-09 -5.631296e-09 -6.639187e-09 -6.548003e-09 -6.278078e-09 -7.108889e-09 -5.985239e-09 -6.682523e-09 -6.513858e-09 -7.037345e-09 -6.985957e-09 -6.482543e-09 -7.516406e-09 -7.109972e-09 -7.558871e-09 -7.242591e-09 -7.619644e-09 -7.163928e-09 -7.361044e-09 -8.130775e-09 -7.585230e-09 -7.394553e-09 -7.735724e-09 -7.632507e-09 -8.095090e-09 -7.946107e-09 -8.583814e-09 -8.370611e-09 -8.174191e-09 -8.320437e-09 -8.825933e-09
-3.105425e-09 -3.209454e-09 -3.416955e-09 -4.152111e-09 -4.489665e-09 -5.130877e-09 -4.549814e-09 -4.835498e-09 -4.462131e-09 -4.101796e-09 -4.919097e-09 -4.956466e-09 -5.908280e-09 -4.947578e-09 -5.360330e-09 -6.081977e-09 -5.568541e-09 -5.674435e-09 -5.283116e-09 -6.658075e-09 -7.141685e-09 -6.543029e-09 -6.223761e-09 -6.469562e-09 -7.229170e-09 -6.557342e-09 -6.516265e-09 -7.979158e-09 -7.204250e-09 -7.151680e-09 -7.002992e-09 -7.104417e-09 -8.426315e-09 -7.788107e-09 -8.195592e-09 -7.098823e-09 -8.126722e-09 -7.592067e-09 -8.382783e-09 -7.738287e-09 -7.983968e-09 -8.232713e-09 -7.909512e-09 -8.622181e-09 -8.460894e-09 -8.433289e-09 -7.704911e-09 -8.486081e-09 -8.389207e-09 -8.727661e-09 -8.856020e-09
-3.484506e-09 -4.303762e-09 -3.995174e-09 -4.092954e-09 -5.528204e-09 -4.141699e-09 -4.330880e-09 -4.183001e-09 -4.936380e-09 -5.440796e-09 -5.059244e-09 -6.280491e-09 -5.838736e-09 -6.472507e-09 -5.856236e-09 -5.988449e-09 -5.799043e-09 -6.114181e-09 -5.566664e-09 -6.231609e-09 -6.475821e-09 -7.100322e-09 -6.966845e-09 -7.208790e-09 -6.700148e-09 -6.748770e-09 -7.925082e-09 -7.760257e-09 -7.790013e-09 -7.993251e-09 -7.829193e-09 -7.937380e-09 -7.613077e-09 -8.198616e-09 -7.944766e-09 -8.827564e-09 -8.915343e-09 -8.157254e-09 -8.611281e-09 -9.033740e-09 -8.234486e-09 -8.654796e-09 -8.378332e-09 -8.740659e-09 -8.156491e-09 -9.015241e-09 -8.358169e-09 -9.286611e-09 -9.037289e-09 -8.849825e-09 -8.168938e-09
-3.540676e-09 -2.978918e-09 -4.056092e-09 -4.013064e-09 -4.055165e-09 -4.878590e-09 -4.759940e-09 -6.135594e-09 -5.187141e-09 -5.368241e-09 -5.900484e-09 -5.197921e-09 -6.136354e-09 -5.680782e-09 -6.033714e-09 -6.100159e-09 -7.623687e-09 -6.679727e-09 -6.756837e-09 -6.530747e-09 -5.536344e-09 -7.008369e-09 -6.677531e-09 -7.742220e-09 -6.902592e-09 -7.086767e-09 -8.301817e-09 -6.967075e-09 -7.812933e-09 -7.680491e-09 -7.940950e-09 -7.633512e-09 -8.795382e-09 -8.074764e-09 -7.547182e-09 -8.576539e-09 -8.604933e-09 -8.146084e-09 -8.504689e-09 -8.434646e-09 -8.373346e-09 -8.673973e-09 -8.766651e-09 -8.816950e-09 -8.110892e-09 -9.025094e-09 -8.937418e-09 -8.447206e-09 -8.686876e-09 -8.661675e-09 -8.964983e-09
-4.031870e-09 -3.994054e-09 -4.786139e-09 -4.667714e-09 -4.514173e-09 -4.186413e-09 -4.710985e-09 -5.179788e-09 -5.286337e-09 -5.367105e-09 -6.543235e-09 -5.927115e-09 -5.352133e-09 -5.510080e-09 -5.953685e-09 -6.069435e-09 -6.861578e-09 -8.288803e-09 -7.102229e-09 -7.331225e-09 -7.270446e-09 -7.389472e-09 -7.056982e-09 -7.636707e-09 -7.239811e-09 -6.823348e-09 -7.315457e-09 -7.707563e-09 -7.683300e-09 -8.932638e-09 -8.039215e-09 -7.787413e-09 -8.758950e-09 -8.190117e-09 -8.675316e-09 -8.005224e-09 -8.829532e-09 -9.148683e-09 -8.310406e-09 -8.931340e-09 -8.622005e-09 -8.894506e-09 -9.733536e-09 -9.567319e-09 -8.956942e-09 -9.114919e-09 -9.219177e-09 -8.870312e-09 -9.093927e-09 -9.103886e-09 -1.000465e-08
-3.661957e-09 -4.380174e-09 -4.900125e-09 -4.250908e-09 -5.089253e-09 -5.298288e-09 -4.354229e-09 -5.490742e-09 -6.537394e-09 -5.369767e-09 -5.213271e-09 -6.509037e-09 -6.152596e-09 -6.509060e-09 -7.037384e-09 -6.458961e-09 -6.741193e-09 -6.581938e-09 -7.284900e-09 -6.942778e-09 -7.203398e-09 -7.347056e-09 -7.346126e-09 -7.365407e-09 -8.279634e-09 -7.821733e-09 -7.510398e-09 -7.758707e-09 -8.337552e-09 -8.441717e-09 -8.532501e-09 -8.434465e-09 -9.229072e-09 -8.185224e-09 -8.520877e-09 -8.500289e-09 -9.103358e-09 -9.430932e-09 -8.811035e-09 -9.070902e-09 -9.477151e-09 -9.915383e-09 -1.001634e-08 -9.295403e-09 -9.483323e-09 -9.781943e-09 -1.076785e-08 -9.740236e-09 -9.810502e-09 -9.291504e-09 -8.963685e-09
-2.825868e-09 -4.207161e-09 -4.077752e-09 -5.663708e-09 -5.674056e-09 -5.308722e-09 -5.917230e-09 -5.836887e-09 -6.318996e-09 -6.047307e-09 -5.974486e-09 -6.549022e-09 -7.260236e-09 -5.515384e-09 -6.443531e-09 -8.003095e-09 -7.202711e-09 -7.981656e-09 -7.515244e-09 -7.362583e-09 -7.821300e-09 -6.724669e-09 -8.320498e-09 -8.085847e-09 -8.195877e-09 -8.854972e-09 -7.832836e-09 -9.106222e-09 -8.440623e-09 -8.326048e-09 -8.569501e-09 -9.451244e-09 -9.017371e-09 -1.018591e-08 -8.692469e-09 -1.023716e-08 -9.043535e-09 -9.751076e-09 -1.010957e-08 -9.584780e-09 -9.730340e-09 -9.639450e-09 -1.014848e-08 -9.404132e-09 -9.287210e-09 -9.872445e-09 -9.466905e-09 -9.869233e-09 -1.014541e-08 -1.050803e-08 -1.031496e-08
-3.645095e-09 -4.525975e-09 -4.380894e-09 -4.127353e-09 -5.459084e-09 -5.742918e-09 -5.818333e-09 -5.657403e-09 -6.111394e-09 -6.544413e-09 -6.218058e-09 -6.261262e-09 -6.613463e-09 -6.058146e-09 -7.192921e-09 -6.769250e-09 -7.553030e-09 -7.421141e-09 -7.767987e-09 -8.083922e-09 -7.792234e-09 -7.687547e-09 -8.131571e-09 -8.641001e-09 -8.303576e-09 -8.301236e-09 -8.695383e-09 -1.006053e-08 -8.439309e-09 -8.660791e-09 -9.788298e-09 -9.027942e-09 -9.868578e-09 -9.388748e-09 -8.888663e-09 -9.677429e-09 -9.387463e-09 -9.654784e-09 -1.002400e-08 -9.468615e-09 -1.018254e-08 -9.515993e-09 -1.070026e-08 -9.778018e-09 -1.010010e-08 -9.746177e-09 -9.798694e-09 -1.124363e-08 -1.037173e-08 -1.025065e-08 -1.118217e-08
-4.233675e-09 -4.910568e-09 -5.072083e-09 -4.540384e-09 -5.334371e-09 -4.730921e-09 -6.309738e-09 -5.893562e-09 -7.022021e-09 -6.256505e-09 -6.741459e-09 -6.616613e-09 -6.675288e-09 -6.911131e-09 -7.001558e-09 -7.615087e-09 -6.957191e-09 -7.227891e-09 -7.732727e-09 -7.718968e-09 -8.196169e-09 -8.003750e-09 -9.408163e-09 -8.066300e-09 -9.016971e-09 -9.478359e-09 -9.024386e-09 -8.782654e-09 -9.541828e-09 -8.870212e-09 -1.033138e-08 -9.771255e-09 -9.137991e-09 -9.521841e-09 -9.715031e-09 -1.018223e-08 -9.523919e-09 -1.011916e-08 -1.058147e-08 -1.111514e-08 -1.077439e-08 -1.046232e-08 -1.064531e-08 -1.068636e-08 -1.063470e-08 -1.029932e-08 -1.042991e-08 -1.024166e-08 -1.035589e-08 -1.068637e-08 -9.987687e-09
-3.772785e-09 -4.575346e-09 -4.741958e-09 -4.991451e-09 -4.533749e-09 -5.766339e-09 -5.922226e-09 -5.706476e-09 -6.045079e-09 -6.242888e-09 -6.321441e-09 -6.817617e-09 -6.580971e-09 -7.248859e-09 -6.802920e-09 -7.358578e-09 -8.438485e-09 -8.247400e-09 -7.493132e-09 -7.987801e-09 -8.556698e-09 -8.678556e-09 -8.202288e-09 -8.741270e-09 -9.048768e-09 -9.092923e-09 -8.632800e-09 -9.400517e-09 -9.356818e-09 -9.204840e-09 -9.372758e-09 -1.030880e-08 -1.023684e-08 -1.046699e-08 -1.100521e-08 -1.075698e-08 -1.137098e-08 -1.100535e-08 -1.075107e-08 -1.045601e-08 -1.041923e-08 -1.070549e-08 -1.015887e-08 -1.049685e-08 -1.124141e-08 -1.049327e-08 -1.132210e-08 -1.091359e-08 -1.031048e-08 -1.078576e-08 -1.047221e-08
-4.328286e-09 -4.019969e-09 -5.239999e-09 -5.643114e-09 -5.023236e-09 -5.773876e-09 -5.874950e-09 -7.103587e-09 -6.612479e-09 -6.397024e-09 -7.500905e-09 -6.804514e-09 -6.922754e-09 -8.623136e-09 -6.974821e-09 -7.834521e-09 -8.138717e-09 -7.660033e-09 -7.916168e-09 -8.254657e-09 -8.715786e-09 -8.184295e-09 -9.073433e-09 -8.974930e-09 -9.397040e-09 -9.451274e-09 -9.578521e-09 -1.029314e-08 -9.426716e-09 -9.265643e-09 -1.021555e-08 -9.520844e-09 -1.007112e-08 -1.164647e-08 -1.100056e-08 -1.063175e-08 -1.069497e-08 -1.033785e-08 -1.080679e-08 -1.029286e-08 -1.134076e-08 -1.115396e-08 -1.107502e-08 -1.127876e-08 -1.060814e-08 -1.129774e-08 -1.090093e-08 -1.155649e-08 -1.127374e-08 -1.111902e-08 -1.149141e-08
-4.096831e-09 -4.891574e-09 -5.795675e-09 -5.846796e-09 -6.122008e-09 -6.083692e-09 -6.892131e-09 -6.684775e-09 -6.458966e-09 -7.097828e-09 -7.420946e-09 -7.616351e-09 -7.072836e-09 -7.718988e-09 -7.181451e-09 -8.239919e-09 -7.941574e-09 -8.280661e-09 -8.482831e-09 -8.817231e-09 -8.507736e-09 -8.538894e-09 -9.902728e-09 -9.120999e-09 -9.310908e-09 -9.561950e-09 -9.341086e-09 -1.001940e-08 -1.014149e-08 -9.989769e-09 -1.058752e-08 -1.029774e-08 -1.082457e-08 -1.041873e-08 -1.160151e-08 -1.092020e-08 -1.080023e-08 -1.104402e-08 -1.126933e-08 -1.146821e-08 -1.159806e-08 -1.159096e-08 -1.155372e-08 -1.186806e-08 -1.128242e-08 -1.147306e-08 -1.196863e-08 -1.131466e-08 -1.175962e-08 -1.105291e-08 -1.205754e-08
-4.549511e-09 -5.080224e-09 -5.519504e-09 -6.260668e-09 -6.218772e-09 -5.976397e-09 -6.346487e-09 -6.779782e-09 -6.347072e-09 -6.568145e-09 -6.820741e-09 -7.892372e-09 -8.108807e-09 -7.987359e-09 -9.008379e-09 -7.847698e-09 -8.239827e-09 -8.247889e-09 -8.743720e-09 -8.534350e-09 -9.043770e-09 -9.462759e-09 -9.697803e-09 -9.709534e-09 -9.927377e-09 -9.910202e-09 -9.668456e-09 -9.932907e-09 -9.956231e-09 -9.652938e-09 -1.067698e-08 -1.054002e-08 -1.006372e-08 -1.062583e-08 -1.077369e-08 -1.127153e-08 -1.126128e-08 -1.127967e-08 -1.180526e-08 -1.214769e-08 -1.099756e-08 -1.171137e-08 -1.228523e-08 -1.201271e-08 -1.209619e-08 -1.218317e-08 -1.125157e-08 -1.204126e-08 -1.153561e-08 -1.185731e-08 -1.218652e-08
-6.025459e-09 -6.007754e-09 -7.214982e-09 -6.398071e-09 -5.793308e-09 -5.278357e-09 -6.649676e-09 -6.980193e-09 -6.885177e-09 -7.436766e-09 -6.905329e-09 -8.499208e-09 -8.079048e-09 -8.517266e-09 -7.776599e-09 -8.122295e-09 -8.057044e-09 -8.212980e-09 -8.524174e-09 -8.675427e-09 -9.769845e-09 -9.797982e-09 -9.610616e-09 -1.011489e-08 -1.025283e-08 -1.006616e-08 -1.020747e-08 -9.631793e-09 -1.018407e-08 -1.109196e-08 -1.177505e-08 -1.075563e-08 -1.189004e-08 -1.117360e-08 -1.107390e-08 -1.094703e-08 -1.162585e-08 -1.176551e-08 -1.190214e-08 -1.171650e-08 -1.198555e-08 -1.255701e-08 -1.232158e-08 -1.259660e-08 -1.172581e-08 -1.247224e-08 -1.270947e-08 -1.247534e-08 -1.258592e-08 -1.246040e-08 -1.254645e-08
-5.755059e-09 -5.783972e-09 -5.631243e-09 -6.960553e-09 -6.211637e-09 -6.700488e-09 -6.336775e-09 -6.790120e-09 -6.740118e-09 -6.925464e-09 -6.850151e-09 -7.595194e-09 -8.991083e-09 -8.159439e-09 -8.061293e-09 -8.993116e-09 -9.068704e-09 -8.232387e-09 -1.001941e-08 -9.133995e-09 -1.029275e-08 -1.037247e-08 -1.002573e-08 -9.666743e-09 -9.623392e-09 -1.059362e-08 -9.999179e-09 -1.097801e-08 -1.082390e-08 -1.074413e-08 -1.149983e-08 -1.140898e-08 -1.086552e-08 -1.153537e-08 -1.085643e-08 -1.202667e-08 -1.164366e-08 -1.308184e-08 -1.168252e-08 -1.219592e-08 -1.217352e-08 -1.248260e-08 -1.212605e-08 -1.203157e-08 -1.271009e-08 -1.191876e-08 -1.208574e-08 -1.237919e-08 -1.275541e-08 -1.265884e-08 -1.235651e-08
-4.907958e-09 -4.984113e-09 -5.495519e-09 -5.848577e-09 -6.796893e-09 -6.537585e-09 -6.567852e-09 -6.845690e-09 -6.318733e-09 -7.641103e-09 -7.794870e-09 -7.408251e-09 -7.457774e-09 -8.070224e-09 -8.674719e-09 -7.988031e-09 -9.100763e-09 -9.027375e-09 -9.508731e-09 -9.765484e-09 -1.054808e-08 -9.714189e-09 -1.022347e-08 -1.011013e-08 -1.048452e-08 -1.126146e-08 -1.051952e-08 -1.115887e-08 -1.075361e-08 -1.086378e-08 -1.154011e-08 -1.187109e-08 -1.153843e-08 -1.232334e-08 -1.227537e-08 -1.207474e-08 -1.156315e-08 -1.224959e-08 -1.285124e-08 -1.184845e-08 -1.277127e-08 -1.224715e-08 -1.243890e-08 -1.271574e-08 -1.289147e-08 -1.275627e-08 -1.248248e-08 -1.351666e-08 -1.278512e-08 -1.267022e-08 -1.269512e-08
-6.190206e-09 -6.789598e-09 -5.690952e-09 -7.160511e-09 -6.929467e-09 -6.036805e-09 -7.765010e-09 -8.115623e-09 -7.136556e-09 -8.048400e-09 -8.654655e-09 -7.910994e-09 -7.622863e-09 -8.786446e-09 -9.147606e-09 -8.515026e-09 -8.930950e-09 -1.029160e-08 -9.854479e-09 -9.370171e-09 -9.594763e-09 -1.067512e-08 -9.966308e-09 -1.092947e-08 -1.042983e-08 -1.057295e-08 -1.083258e-08 -1.120951e-08 -1.100598e-08 -1.083720e-08 -1.133047e-08 -1.187435e-08 -1.148392e-08 -1.154947e-08 -1.209967e-08 -1.204889e-08 -1.206090e-08 -1.301042e-08 -1.373353e-08 -1.279313e-08 -1.268097e-08 -1.312417e-08 -1.326784e-08 -1.308750e-08 -1.290413e-08 -1.311619e-08 -1.306027e-08 -1.350125e-08 -1.404747e-08 -1.358163e-08 -1.299115e-08
-5.883948e-09 -6.884010e-09 -4.953727e-09 -5.818973e-09 -7.682008e-09 -6.985166e-09 -7.160393e-09 -6.981603e-09 -7.843067e-09 -7.099723e-09 -8.546365e-09 -8.803351e-09 -8.640794e-09 -8.136348e-09 -8.311789e-09 -8.985424e-09 -9.562051e-09 -9.927099e-09 -9.745516e-09 -9.675477e-09 -9.303441e-09 -1.007390e-08 -1.077449e-08 -1.186561e-08 -1.071883e-08 -1.128297e-08 -1.150077e-08 -1.185882e-08 -1.123214e-08 -1.208807e-08 -1.164440e-08 -1.149931e-08 -1.248815e-08 -1.228982e-08 -1.269733e-08 -1.276876e-08 -1.393855e-08 -1.234632e-08 -1.214254e-08 -1.271545e-08 -1.246438e-08 -1.358663e-08 -1.347735e-08 -1.338161e-08 -1.411940e-08 -1.366685e-08 -1.321809e-08 -1.320358e-08 -1.350032e-08 -1.351249e-08 -1.410013e-08
