data/gps2f_nb_force_rot_Z.grd
DSAA
361 181
-180 180
-90 90
-2.297544e-08 1.937016e-08
[rows 46 to 68 of 181, columns 50 to 99 of 361]
1.368628e-08 1.506938e-08 1.351401e-08 1.534830e-08 1.572834e-08 1.501821e-08 1.394208e-08 1.469326e-08 1.424876e-08 1.395364e-08 1.389234e-08 1.382004e-08 1.444100e-08 1.464839e-08 1.393975e-08 1.405489e-08 1.362900e-08 1.337868e-08 1.372058e-08 1.437805e-08 1.433468e-08 1.414598e-08 1.303164e-08 1.346312e-08 1.327286e-08 1.237704e-08 1.397524e-08 1.386676e-08 1.409736e-08 1.334570e-08 1.342532e-08 1.511279e-08 1.218848e-08 1.348452e-08 1.314760e-08 1.209148e-08 1.331146e-08 1.220312e-08 1.356876e-08 1.243284e-08 1.246560e-08 1.327884e-08 1.301388e-08 1.324729e-08 1.354637e-08 1.330442e-08 1.304827e-08 1.201781e-08 1.377949e-08 1.360981e-08
1.362594e-08 1.393547e-08 1.552302e-08 1.422702e-08 1.364953e-08 1.474278e-08 1.407185e-08 1.407916e-08 1.419699e-08 1.373820e-08 1.529492e-08 1.482020e-08 1.320701e-08 1.346622e-08 1.280464e-08 1.403959e-08 1.298683e-08 1.399181e-08 1.336105e-08 1.279049e-08 1.449052e-08 1.374195e-08 1.331780e-08 1.230549e-08 1.374090e-08 1.385470e-08 1.328755e-08 1.366647e-08 1.353294e-08 1.337653e-08 1.342163e-08 1.265147e-08 1.348625e-08 1.262159e-08 1.228138e-08 1.233917e-08 1.292728e-08 1.306350e-08 1.234548e-08 1.235802e-08 1.214603e-08 1.307692e-08 1.205905e-08 1.258582e-08 1.248744e-08 1.252282e-08 1.209641e-08 1.402361e-08 1.272408e-08 1.251533e-08
1.430194e-08 1.391626e-08 1.410619e-08 1.336711e-08 1.335950e-08 1.342929e-08 1.334783e-08 1.344779e-08 1.478617e-08 1.394158e-08 1.391880e-08 1.355353e-08 1.362156e-08 1.375533e-08 1.422774e-08 1.398337e-08 1.340043e-08 1.348851e-08 1.328886e-08 1.314219e-08 1.377086e-08 1.329540e-08 1.368273e-08 1.288198e-08 1.268959e-08 1.309205e-08 1.383024e-08 1.213008e-08 1.261790e-08 1.233080e-08 1.166113e-08 1.208203e-08 1.250225e-08 1.221165e-08 1.219658e-08 1.235752e-08 1.291436e-08 1.196332e-08 1.230979e-08 1.306287e-08 1.240471e-08 1.231827e-08 1.286825e-08 1.230276e-08 1.356443e-08 1.227980e-08 1.433223e-08 1.204381e-08 1.267457e-08 1.189283e-08
1.409348e-08 1.285964e-08 1.393249e-08 1.364496e-08 1.426891e-08 1.296305e-08 1.303669e-08 1.287288e-08 1.423099e-08 1.367526e-08 1.325364e-08 1.388826e-08 1.365985e-08 1.289654e-08 1.355313e-08 1.473808e-08 1.435535e-08 1.249822e-08 1.296728e-08 1.316117e-08 1.358286e-08 1.280398e-08 1.306860e-08 1.215281e-08 1.378299e-08 1.227724e-08 1.235793e-08 1.231638e-08 1.218287e-08 1.327829e-08 1.252335e-08 1.272632e-08 1.270402e-08 1.134320e-08 1.227960e-08 1.274930e-08 1.213607e-08 1.379646e-08 1.148516e-08 1.423232e-08 1.228079e-08 1.169582e-08 1.165221e-08 1.415297e-08 1.213472e-08 1.252929e-08 1.283994e-08 1.350060e-08 1.231666e-08 1.264196e-08
1.358796e-08 1.365836e-08 1.272034e-08 1.372494e-08 1.303812e-08 1.315496e-08 1.339520e-08 1.298905e-08 1.368282e-08 1.412235e-08 1.303929e-08 1.315908e-08 1.349854e-08 1.294331e-08 1.373098e-08 1.249027e-08 1.274107e-08 1.404321e-08 1.364474e-08 1.370811e-08 1.330505e-08 1.228361e-08 1.188682e-08 1.336876e-08 1.200472e-08 1.267043e-08 1.246454e-08 1.217304e-08 1.321471e-08 1.172888e-08 1.192323e-08 1.177210e-08 1.203481e-08 1.138033e-08 1.203015e-08 1.235562e-08 1.224583e-08 1.160200e-08 1.198593e-08 1.106025e-08 1.226315e-08 1.192063e-08 1.146052e-08 1.227929e-08 1.199589e-08 1.292193e-08 1.127732e-08 1.227508e-08 1.183032e-08 1.226581e-08
1.268246e-08 1.353152e-08 1.330703e-08 1.279597e-08 1.282946e-08 1.295108e-08 1.322341e-08 1.387716e-08 1.268293e-08 1.386717e-08 1.306084e-08 1.340089e-08 1.269799e-08 1.251178e-08 1.221614e-08 1.220325e-08 1.295194e-08 1.319547e-08 1.209323e-08 1.279126e-08 1.328927e-08 1.178444e-08 1.369626e-08 1.189317e-08 1.196301e-08 1.232561e-08 1.319311e-08 1.332474e-08 1.203286e-08 1.310213e-08 1.149507e-08 1.086855e-08 1.187966e-08 1.176569e-08 1.162478e-08 1.166491e-08 1.137048e-08 1.233204e-08 1.269804e-08 1.194748e-08 1.347037e-08 1.242903e-08 1.120197e-08 1.195465e-08 1.132629e-08 1.241878e-08 1.162477e-08 1.375909e-08 1.165093e-08 1.267280e-08
1.326659e-08 1.298334e-08 1.374970e-08 1.366597e-08 1.196814e-08 1.280544e-08 1.252560e-08 1.232918e-08 1.382557e-08 1.292782e-08 1.308799e-08 1.215418e-08 1.217340e-08 1.267884e-08 1.328613e-08 1.241899e-08 1.203245e-08 1.230443e-08 1.256102e-08 1.225384e-08 1.186109e-08 1.224322e-08 1.155104e-08 1.170214e-08 1.220892e-08 1.302109e-08 1.258730e-08 1.082443e-08 1.158632e-08 1.241926e-08 1.251267e-08 1.194523e-08 1.140229e-08 1.277425e-08 1.087076e-08 1.109143e-08 1.178716e-08 1.059334e-08 1.180834e-08 1.103684e-08 1.100084e-08 1.044370e-08 1.114173e-08 1.016721e-08 1.136867e-08 1.166688e-08 1.057498e-08 1.190040e-08 1.178512e-08 1.125752e-08
1.311769e-08 1.293336e-08 1.269601e-08 1.236539e-08 1.178312e-08 1.246978e-08 1.209494e-08 1.242799e-08 1.357867e-08 1.312297e-08 1.274480e-08 1.254807e-08 1.172063e-08 1.333427e-08 1.282757e-08 1.323851e-08 1.377790e-08 1.442327e-08 1.244570e-08 1.313159e-08 1.251772e-08 1.271923e-08 1.147009e-08 1.212896e-08 1.200743e-08 1.038755e-08 1.173863e-08 1.229417e-08 1.123535e-08 1.126970e-08 1.154070e-08 1.003230e-08 1.153753e-08 1.226640e-08 1.193567e-08 1.143412e-08 1.178358e-08 1.126802e-08 1.159117e-08 1.114901e-08 1.151396e-08 1.163570e-08 1.108522e-08 1.037668e-08 1.095709e-08 1.005025e-08 1.029324e-08 1.102837e-08 1.054982e-08 1.195025e-08
1.141003e-08 1.290421e-08 1.271202e-08 1.308589e-08 1.228037e-08 1.328486e-08 1.194527e-08 1.189403e-08 1.261260e-08 1.205163e-08 1.262769e-08 1.184071e-08 1.310239e-08 1.198050e-08 1.456692e-08 1.228591e-08 1.227632e-08 1.125103e-08 1.165707e-08 1.281323e-08 1.183404e-08 1.217772e-08 1.120277e-08 1.215764e-08 1.205635e-08 1.178626e-08 1.084742e-08 1.272211e-08 1.004439e-08 1.223357e-08 1.149689e-08 1.089664e-08 1.132108e-08 1.095461e-08 9.964764e-09 1.165167e-08 1.082147e-08 1.069440e-08 1.070761e-08 1.060121e-08 1.004619e-08 9.764868e-09 1.085602e-08 1.000131e-08 1.090779e-08 9.952276e-09 1.180954e-08 1.063111e-08 1.090188e-08 1.043896e-08
1.215227e-08 1.191628e-08 1.258715e-08 1.194273e-08 1.186210e-08 1.232621e-08 1.286626e-08 1.244459e-08 1.192184e-08 1.181347e-08 1.076509e-08 1.154583e-08 1.188853e-08 1.206923e-08 1.117826e-08 1.224652e-08 1.237111e-08 1.120713e-08 1.119126e-08 1.100667e-08 1.251544e-08 1.105043e-08 1.131195e-08 1.259739e-08 1.159519e-08 1.177228e-08 1.199206e-08 1.116147e-08 1.092639e-08 1.071537e-08 1.134647e-08 1.039804e-08 1.199707e-08 9.207452e-09 9.717733e-09 1.063747e-08 1.106502e-08 9.301949e-09 1.035073e-08 1.045269e-08 9.462194e-09 9.510649e-09 1.020553e-08 9.558049e-09 1.014781e-08 1.157541e-08 1.088636e-08 1.189627e-08 1.114451e-08 1.261052e-08
1.169360e-08 1.268311e-08 1.228903e-08 1.087192e-08 1.105904e-08 1.130709e-08 1.167181e-08 1.180709e-08 1.187795e-08 1.134574e-08 1.255045e-08 1.204579e-08 1.221608e-08 1.150888e-08 1.161118e-08 1.179766e-08 1.194559e-08 1.090159e-08 1.200991e-08 1.062011e-08 1.071467e-08 1.066483e-08 1.161555e-08 1.080984e-08 1.103578e-08 1.205294e-08 1.168673e-08 1.037451e-08 1.021447e-08 1.159592e-08 9.861307e-09 1.096112e-08 1.006002e-08 1.061989e-08 1.003280e-08 1.045683e-08 1.139191e-08 1.050926e-08 9.807901e-09 9.952206e-09 9.847668e-09 1.115437e-08 1.119315e-08 9.979583e-09 1.025928e-08 1.025186e-08 1.001826e-08 9.692813e-09 1.109828e-08 9.539737e-09
1.156236e-08 1.159554e-08 1.144849e-08 1.042905e-08 1.135738e-08 1.204012e-08 1.057906e-08 1.128940e-08 1.193216e-08 1.139933e-08 1.137665e-08 1.094957e-08 9.914565e-09 1.012580e-08 1.119825e-08 1.042147e-08 1.074467e-08 1.128937e-08 1.083433e-08 1.066643e-08 1.110033e-08 1.122089e-08 1.025606e-08 1.019030e-08 1.020587e-08 1.149800e-08 1.064536e-08 9.657063e-09 9.976255e-09 1.074742e-08 9.944926e-09 1.119342e-08 9.520688e-09 1.020400e-08 1.113245e-08 1.049953e-08 1.000303e-08 1.054542e-08 1.036176e-08 1.078913e-08 9.180589e-09 1.085395e-08 8.768600e-09 1.145065e-08 9.975807e-09 1.007562e-08 1.070130e-08 1.065688e-08 1.152777e-08 1.123458e-08
1.208960e-08 1.062554e-08 1.124094e-08 1.056723e-08 1.168274e-08 1.150583e-08 1.082554e-08 1.088538e-08 1.016440e-08 1.170473e-08 1.053569e-08 1.036322e-08 1.113845e-08 1.119516e-08 1.114195e-08 1.090752e-08 9.345595e-09 1.093523e-08 9.614610e-09 1.068475e-08 1.207735e-08 1.033781e-08 1.237575e-08 1.041980e-08 9.782701e-09 1.012608e-08 1.001345e-08 1.157729e-08 8.595170e-09 9.461536e-09 1.075157e-08 9.601512e-09 9.339794e-09 9.389603e-09 1.002880e-08 1.088582e-08 1.056369e-08 1.043517e-08 9.782366e-09 1.047389e-08 9.494550e-09 8.857930e-09 9.643837e-09 9.990529e-09 9.514673e-09 9.557890e-09 1.037724e-08 9.592855e-09 8.857804e-09 9.769351e-09
1.009680e-08 1.079656e-08 1.132652e-08 1.006607e-08 1.030026e-08 1.050669e-08 1.082410e-08 1.056366e-08 1.056302e-08 1.125325e-08 9.741018e-09 1.094978e-08 1.159748e-08 9.927906e-09 1.075896e-08 1.064179e-08 1.121071e-08 1.205466e-08 9.910196e-09 1.059222e-08 9.516537e-09 1.121542e-08 9.400408e-09 1.062788e-08 9.719437e-09 1.070547e-08 1.133308e-08 9.137385e-09 9.691960e-09 8.886945e-09 9.045451e-09 9.449347e-09 9.969461e-09 8.820194e-09 9.895284e-09 9.006172e-09 9.014666e-09 8.733614e-09 8.323890e-09 1.018180e-08 9.685651e-09 7.906844e-09 9.401877e-09 8.584482e-09 8.398157e-09 1.013767e-08 1.001582e-08 8.826206e-09 9.989538e-09 9.511592e-09
1.103999e-08 9.865842e-09 1.044460e-08 1.019940e-08 1.048332e-08 1.114819e-08 1.010082e-08 9.837236e-09 1.134274e-08 1.039746e-08 9.532829e-09 1.013483e-08 1.025113e-08 1.040465e-08 1.064866e-08 1.054862e-08 1.077303e-08 1.122621e-08 8.742195e-09 1.025457e-08 9.317368e-09 8.795005e-09 9.578446e-09 1.005583e-08 1.016155e-08 9.852239e-09 9.936663e-09 9.075445e-09 9.055394e-09 8.905475e-09 1.030456e-08 9.321825e-09 9.270845e-09 9.471376e-09 8.948913e-09 8.326056e-09 8.795577e-09 8.686947e-09 9.273299e-09 1.119367e-08 8.030686e-09 8.837149e-09 1.037287e-08 8.944579e-09 9.796091e-09 9.172067e-09 9.641918e-09 8.807425e-09 9.947172e-09 8.867532e-09
9.640019e-09 1.049999e-08 1.000165e-08 1.090463e-08 1.015966e-08 1.063667e-08 9.297032e-09 9.372420e-09 1.002493e-08 9.763233e-09 1.068097e-08 9.260158e-09 9.263797e-09 9.223196e-09 9.233681e-09 9.853319e-09 1.053458e-08 9.744430e-09 1.081203e-08 9.751830e-09 8.828672e-09 8.849220e-09 8.999529e-09 9.651085e-09 1.076829e-08 8.874125e-09 9.154796e-09 9.819924e-09 8.559912e-09 9.734088e-09 7.820083e-09 9.202181e-09 1.069076e-08 8.704152e-09 8.162922e-09 9.097289e-09 8.929059e-09 8.815211e-09 9.616698e-09 9.493430e-09 8.009326e-09 8.546004e-09 8.940379e-09 1.065858e-08 9.246013e-09 8.136837e-09 8.441769e-09 9.046154e-09 9.345015e-09 8.625014e-09
9.549261e-09 1.039547e-08 9.545762e-09 1.055602e-08 9.656513e-09 9.567138e-09 9.120109e-09 9.534777e-09 1.053473e-08 9.612676e-09 1.152149e-08 9.320841e-09 1.052762e-08 9.993486e-09 9.869115e-09 9.867734e-09 8.845319e-09 9.922988e-09 8.685562e-09 9.873705e-09 9.388985e-09 9.726667e-09 9.395117e-09 8.618962e-09 9.068104e-09 9.308827e-09 9.849352e-09 9.879257e-09 7.965109e-09 8.255519e-09 9.083182e-09 8.926119e-09 8.444123e-09 9.446579e-09 9.196465e-09 7.859303e-09 8.006690e-09 8.071819e-09 9.290492e-09 7.313148e-09 8.379961e-09 6.826230e-09 8.896195e-09 8.288374e-09 8.711560e-09 9.128539e-09 8.720845e-09 8.736450e-09 1.012301e-08 8.885613e-09
1.064322e-08 1.006120e-08 8.767432e-09 9.194967e-09 1.030378e-08 1.028097e-08 9.351852e-09 9.868170e-09 9.511118e-09 9.826540e-09 9.811461e-09 1.005046e-08 9.369535e-09 8.678998e-09 1.091948e-08 8.765306e-09 8.049138e-09 9.070992e-09 7.973123e-09 8.417707e-09 9.321751e-09 9.879027e-09 8.952228e-09 8.657871e-09 9.400458e-09 8.869083e-09 9.010691e-09 8.980668e-09 7.652297e-09 7.167777e-09 7.933979e-09 8.634325e-09 7.405518e-09 6.931165e-09 7.700458e-09 8.246045e-09 7.632630e-09 7.827903e-09 7.213588e-09 7.176605e-09 7.506732e-09 8.377591e-09 9.131537e-09 1.050163e-08 7.941240e-09 8.636969e-09 8.869065e-09 8.769515e-09 9.164537e-09 8.199723e-09
1.038571e-08 8.553066e-09 9.026979e-09 1.030511e-08 8.085091e-09 1.035040e-08 9.289479e-09 9.228468e-09 9.656401e-09 8.406505e-09 8.519650e-09 9.855381e-09 9.518887e-09 8.522563e-09 8.637492e-09 8.971658e-09 1.020354e-08 9.044578e-09 8.894357e-09 8.407910e-09 9.280948e-09 1.075536e-08 8.101730e-09 8.939375e-09 9.247794e-09 7.336306e-09 7.546810e-09 1.042538e-08 8.994474e-09 8.556357e-09 7.698739e-09 7.073204e-09 7.139467e-09 6.721456e-09 1.044307e-08 6.867644e-09 7.762936e-09 8.533033e-09 7.046723e-09 8.624647e-09 7.324068e-09 7.187651e-09 7.547576e-09 8.139061e-09 7.532311e-09 9.788983e-09 8.044279e-09 7.564585e-09 8.106626e-09 8.568718e-09
7.715794e-09 8.348700e-09 7.597830e-09 8.199575e-09 8.864732e-09 8.868974e-09 8.625891e-09 8.440026e-09 8.324414e-09 8.501089e-09 8.479798e-09 8.841138e-09 8.866462e-09 9.167233e-09 8.288911e-09 8.822275e-09 8.286552e-09 8.422762e-09 8.260003e-09 9.419626e-09 8.135308e-09 8.281332e-09 8.130651e-09 8.587009e-09 7.306004e-09 7.637964e-09 8.738431e-09 6.970597e-09 6.759217e-09 9.305914e-09 8.145412e-09 7.226476e-09 6.710726e-09 6.800839e-09 6.459365e-09 7.901829e-09 7.364614e-09 5.417654e-09 8.810730e-09 7.061967e-09 6.692375e-09 6.933323e-09 6.875042e-09 7.475931e-09 8.662639e-09 7.582149e-09 8.362537e-09 9.539664e-09 7.798771e-09 9.192212e-09
8.440781e-09 8.874790e-09 7.686914e-09 8.939064e-09 9.650415e-09 8.374175e-09 8.977195e-09 8.305134e-09 7.696537e-09 8.288718e-09 7.985417e-09 1.012285e-08 7.196515e-09 9.030734e-09 9.504547e-09 8.039861e-09 7.631137e-09 9.486580e-09 8.006104e-09 7.956856e-09 8.045447e-09 8.843991e-09 7.838632e-09 7.303486e-09 7.848895e-09 7.689569e-09 6.905138e-09 8.077223e-09 7.862510e-09 7.616158e-09 6.825173e-09 9.006528e-09 7.198459e-09 9.230256e-09 8.738287e-09 7.469903e-09 6.523820e-09 6.898448e-09 8.416191e-09 7.924319e-09 6.980412e-09 6.607678e-09 7.800350e-09 7.844679e-09 6.315683e-09 8.328413e-09 8.557678e-09 6.963750e-09 8.260779e-09 8.806242e-09
8.006355e-09 8.614642e-09 9.762142e-09 7.865558e-09 8.497344e-09 7.921791e-09 8.502433e-09 8.641751e-09 8.470820e-09 9.079900e-09 7.293421e-09 7.157298e-09 7.740084e-09 8.535599e-09 8.019726e-09 8.088642e-09 7.928263e-09 7.493637e-09 7.920304e-09 8.168942e-09 7.960398e-09 7.469096e-09 7.190309e-09 7.571608e-09 5.644544e-09 8.606702e-09 6.913066e-09 8.339249e-09 7.395023e-09 7.313325e-09 7.606572e-09 8.843579e-09 9.374271e-09 6.379199e-09 6.681034e-09 6.011990e-09 6.033249e-09 7.978854e-09 5.001260e-09 7.513779e-09 6.086137e-09 6.990102e-09 7.762484e-09 6.181920e-09 6.484733e-09 6.233442e-09 6.943406e-09 6.556323e-09 6.342159e-09 8.133348e-09
6.634844e-09 7.718181e-09 7.609538e-09 8.040854e-09 7.582283e-09 7.285079e-09 8.052673e-09 7.964307e-09 7.024718e-09 7.088925e-09 8.051257e-09 8.345661e-09 7.014676e-09 7.256650e-09 7.454636e-09 6.974194e-09 7.111581e-09 6.695857e-09 7.534350e-09 7.970200e-09 6.536940e-09 6.735218e-09 6.700717e-09 7.080209e-09 7.497014e-09 8.462572e-09 8.252202e-09 8.015028e-09 6.806675e-09 7.497762e-09 7.797577e-09 7.021500e-09 7.850873e-09 6.621303e-09 5.073548e-09 9.007757e-09 6.350235e-09 8.613180e-09 6.584992e-09 6.076992e-09 7.203901e-09 6.315340e-09 6.400613e-09 6.027689e-09 6.436315e-09 4.851901e-09 6.241289e-09 5.980417e-09 7.613939e-09 5.528406e-09
