data/gps2f_nb_force_rot_X.grd
DSAA
361 181
-180 180
-90 90
-2.102955e-08 2.164204e-08
[rows 69 to 91 of 181, columns 204 to 254 of 361]
-1.699518e-08 -1.751731e-08 -1.661518e-08 -1.803445e-08 -1.809710e-08 -1.758985e-08 -1.729413e-08 -1.648240e-08 -1.660631e-08 -1.638581e-08 -1.665658e-08 -1.662857e-08 -1.675354e-08 -1.594967e-08 -1.592640e-08 -1.496118e-08 -1.515559e-08 -1.495904e-08 -1.506601e-08 -1.507359e-08 -1.506341e-08 -1.389779e-08 -1.393158e-08 -1.368203e-08 -1.386992e-08 -1.341146e-08 -1.397656e-08 -1.201154e-08 -1.254304e-08 -1.215649e-08 -1.303396e-08 -1.119143e-08 -1.058127e-08 -1.066004e-08 -1.071765e-08 -1.032172e-08 -9.622698e-09 -9.522256e-09 -7.959184e-09 -1.012745e-08 -8.014919e-09 -8.912505e-09 -7.399213e-09 -7.759525e-09 -5.805041e-09 -5.224325e-09 -6.282306e-09 -4.897731e-09 -4.907482e-09 -6.159723e-09 -4.506101e-09
-1.834982e-08 -1.708992e-08 -1.734834e-08 -1.843583e-08 -1.783918e-08 -1.759410e-08 -1.701877e-08 -1.743550e-08 -1.738611e-08 -1.673925e-08 -1.704765e-08 -1.646618e-08 -1.515203e-08 -1.532681e-08 -1.503222e-08 -1.549569e-08 -1.570007e-08 -1.522377e-08 -1.518427e-08 -1.396997e-08 -1.429302e-08 -1.417521e-08 -1.334773e-08 -1.335748e-08 -1.418942e-08 -1.326098e-08 -1.199595e-08 -1.240467e-08 -1.240304e-08 -1.198149e-08 -1.179360e-08 -1.141681e-08 -1.097296e-08 -1.064044e-08 -1.125777e-08 -1.055968e-08 -1.021079e-08 -9.933472e-09 -7.811675e-09 -8.848377e-09 -8.165070e-09 -7.767783e-09 -7.846871e-09 -6.639784e-09 -7.233083e-09 -6.086925e-09 -6.569560e-09 -6.037393e-09 -5.561245e-09 -5.392012e-09 -6.010083e-09
-1.868310e-08 -1.735879e-08 -1.712536e-08 -1.697960e-08 -1.798616e-08 -1.733377e-08 -1.748154e-08 -1.631721e-08 -1.663267e-08 -1.688800e-08 -1.711783e-08 -1.577888e-08 -1.601349e-08 -1.603424e-08 -1.655232e-08 -1.706590e-08 -1.594516e-08 -1.568658e-08 -1.598667e-08 -1.443181e-08 -1.497316e-08 -1.497052e-08 -1.489296e-08 -1.377575e-08 -1.418593e-08 -1.308167e-08 -1.262213e-08 -1.304141e-08 -1.182456e-08 -1.226763e-08 -1.123422e-08 -1.121884e-08 -1.223996e-08 -1.031854e-08 -1.096304e-08 -1.061832e-08 -9.864498e-09 -9.862542e-09 -8.674566e-09 -9.257996e-09 -8.530054e-09 -7.338796e-09 -7.064912e-09 -7.736248e-09 -7.049923e-09 -6.524340e-09 -6.254455e-09 -6.109733e-09 -5.259062e-09 -5.194758e-09 -5.513328e-09
-1.795609e-08 -1.764971e-08 -1.797729e-08 -1.732417e-08 -1.836370e-08 -1.680335e-08 -1.815332e-08 -1.766655e-08 -1.674485e-08 -1.709045e-08 -1.577032e-08 -1.626277e-08 -1.670488e-08 -1.620794e-08 -1.557868e-08 -1.502291e-08 -1.561788e-08 -1.534518e-08 -1.511798e-08 -1.479860e-08 -1.418946e-08 -1.482228e-08 -1.415741e-08 -1.401200e-08 -1.375054e-08 -1.345972e-08 -1.411629e-08 -1.226251e-08 -1.255076e-08 -1.251807e-08 -1.271689e-08 -1.162979e-08 -1.065363e-08 -1.145126e-08 -1.083710e-08 -1.091134e-08 -1.008682e-08 -1.041883e-08 -9.179920e-09 -9.412284e-09 -7.681347e-09 -8.835813e-09 -7.598584e-09 -7.897904e-09 -8.358323e-09 -6.391891e-09 -6.317783e-09 -5.134980e-09 -6.446359e-09 -5.554876e-09 -5.186621e-09
-1.869465e-08 -1.821330e-08 -1.771172e-08 -1.773214e-08 -1.700814e-08 -1.805673e-08 -1.651609e-08 -1.670452e-08 -1.705363e-08 -1.756785e-08 -1.656086e-08 -1.640922e-08 -1.800701e-08 -1.595503e-08 -1.566839e-08 -1.566796e-08 -1.538323e-08 -1.549742e-08 -1.538975e-08 -1.454200e-08 -1.427229e-08 -1.434355e-08 -1.364825e-08 -1.365807e-08 -1.480328e-08 -1.379037e-08 -1.365957e-08 -1.387869e-08 -1.290395e-08 -1.223664e-08 -1.185206e-08 -1.144864e-08 -1.175603e-08 -1.187972e-08 -1.049534e-08 -9.805841e-09 -1.064495e-08 -9.695754e-09 -9.216212e-09 -9.764801e-09 -9.569414e-09 -9.523571e-09 -7.764386e-09 -7.329291e-09 -7.176360e-09 -6.133776e-09 -5.966291e-09 -5.986973e-09 -5.116802e-09 -4.841136e-09 -5.474949e-09
-1.750344e-08 -1.816394e-08 -1.715559e-08 -1.782706e-08 -1.850450e-08 -1.716194e-08 -1.712818e-08 -1.740906e-08 -1.630809e-08 -1.808736e-08 -1.724982e-08 -1.615882e-08 -1.620442e-08 -1.588766e-08 -1.600069e-08 -1.610866e-08 -1.582729e-08 -1.490519e-08 -1.594177e-08 -1.451648e-08 -1.565177e-08 -1.512426e-08 -1.363262e-08 -1.415158e-08 -1.351399e-08 -1.468125e-08 -1.288021e-08 -1.262268e-08 -1.383715e-08 -1.147682e-08 -1.234471e-08 -1.128524e-08 -1.075428e-08 -1.022356e-08 -1.088705e-08 -1.023367e-08 -9.598142e-09 -9.773963e-09 -9.418627e-09 -9.138367e-09 -9.219760e-09 -9.043194e-09 -7.825844e-09 -6.602463e-09 -5.963827e-09 -7.183736e-09 -6.249495e-09 -6.230267e-09 -4.180893e-09 -4.663036e-09 -4.704490e-09
-1.886954e-08 -1.676047e-08 -1.773943e-08 -1.842365e-08 -1.783969e-08 -1.807539e-08 -1.739552e-08 -1.658658e-08 -1.725275e-08 -1.642415e-08 -1.769693e-08 -1.636113e-08 -1.662832e-08 -1.627988e-08 -1.530511e-08 -1.652592e-08 -1.618086e-08 -1.533775e-08 -1.476835e-08 -1.463878e-08 -1.458638e-08 -1.364000e-08 -1.412304e-08 -1.482217e-08 -1.406160e-08 -1.345402e-08 -1.272808e-08 -1.335901e-08 -1.299846e-08 -1.191282e-08 -1.229132e-08 -1.121814e-08 -1.131701e-08 -1.006086e-08 -1.085597e-08 -9.803056e-09 -9.919166e-09 -9.904408e-09 -8.441373e-09 -9.559968e-09 -7.799680e-09 -8.261483e-09 -8.428943e-09 -7.137235e-09 -7.258536e-09 -6.577105e-09 -6.556214e-09 -5.846612e-09 -4.789146e-09 -4.822506e-09 -4.711959e-09
-1.669480e-08 -1.682328e-08 -1.819789e-08 -1.669031e-08 -1.765579e-08 -1.738005e-08 -1.719879e-08 -1.758030e-08 -1.700647e-08 -1.783033e-08 -1.632117e-08 -1.696134e-08 -1.631589e-08 -1.592225e-08 -1.673591e-08 -1.608825e-08 -1.490359e-08 -1.580683e-08 -1.546843e-08 -1.469412e-08 -1.448722e-08 -1.533410e-08 -1.536497e-08 -1.321372e-08 -1.429730e-08 -1.314449e-08 -1.254857e-08 -1.358651e-08 -1.188285e-08 -1.255045e-08 -1.133749e-08 -1.130021e-08 -1.070046e-08 -1.183980e-08 -1.055152e-08 -1.044198e-08 -9.808407e-09 -9.350610e-09 -8.095124e-09 -9.424070e-09 -8.276616e-09 -9.469555e-09 -7.848405e-09 -6.477192e-09 -6.583246e-09 -6.226044e-09 -5.735798e-09 -5.115975e-09 -6.390942e-09 -4.782118e-09 -4.043597e-09
-1.697211e-08 -1.801847e-08 -1.731605e-08 -1.684950e-08 -1.762268e-08 -1.633079e-08 -1.634439e-08 -1.693942e-08 -1.751545e-08 -1.753064e-08 -1.641888e-08 -1.698310e-08 -1.605912e-08 -1.628761e-08 -1.578948e-08 -1.620278e-08 -1.537600e-08 -1.600616e-08 -1.499634e-08 -1.498039e-08 -1.418559e-08 -1.459304e-08 -1.450857e-08 -1.390906e-08 -1.382231e-08 -1.383972e-08 -1.422289e-08 -1.312562e-08 -1.257776e-08 -1.295919e-08 -1.158282e-08 -1.075785e-08 -1.340081e-08 -9.812562e-09 -1.178280e-08 -9.478341e-09 -9.666745e-09 -8.719913e-09 -9.221978e-09 -9.148638e-09 -9.768558e-09 -8.053578e-09 -7.942230e-09 -6.919131e-09 -7.719179e-09 -6.352030e-09 -6.729911e-09 -6.906159e-09 -4.784242e-09 -5.570859e-09 -5.054025e-09
-1.827552e-08 -1.784731e-08 -1.721093e-08 -1.895195e-08 -1.663045e-08 -1.719883e-08 -1.768808e-08 -1.885964e-08 -1.697773e-08 -1.724690e-08 -1.655221e-08 -1.693940e-08 -1.713614e-08 -1.646434e-08 -1.540609e-08 -1.602066e-08 -1.658695e-08 -1.620860e-08 -1.527189e-08 -1.473959e-08 -1.389766e-08 -1.415589e-08 -1.431967e-08 -1.330602e-08 -1.368554e-08 -1.251656e-08 -1.434764e-08 -1.224029e-08 -1.210954e-08 -1.185767e-08 -1.199599e-08 -1.196377e-08 -1.012533e-08 -1.080120e-08 -9.530351e-09 -1.009192e-08 -8.918176e-09 -9.100384e-09 -8.802675e-09 -9.355339e-09 -7.519549e-09 -8.706485e-09 -8.932526e-09 -6.907758e-09 -5.987655e-09 -6.935615e-09 -5.675289e-09 -5.319624e-09 -6.023767e-09 -4.985443e-09 -4.293728e-09
-1.835055e-08 -1.645264e-08 -1.736497e-08 -1.791639e-08 -1.816437e-08 -1.762225e-08 -1.650200e-08 -1.810594e-08 -1.754601e-08 -1.714097e-08 -1.575049e-08 -1.627821e-08 -1.640627e-08 -1.610208e-08 -1.613011e-08 -1.590276e-08 -1.491251e-08 -1.528233e-08 -1.521989e-08 -1.490002e-08 -1.526787e-08 -1.397445e-08 -1.495794e-08 -1.341497e-08 -1.525730e-08 -1.336241e-08 -1.310715e-08 -1.291122e-08 -1.223538e-08 -1.317257e-08 -1.149451e-08 -1.134375e-08 -1.072797e-08 -1.148424e-08 -1.026957e-08 -9.638875e-09 -9.800003e-09 -9.317429e-09 -9.548951e-09 -8.041695e-09 -8.173607e-09 -8.926821e-09 -7.089087e-09 -8.261374e-09 -7.205532e-09 -5.648650e-09 -6.182454e-09 -3.895342e-09 -6.729177e-09 -5.602637e-09 -4.184179e-09
-1.764433e-08 -1.798358e-08 -1.772916e-08 -1.737999e-08 -1.754257e-08 -1.783076e-08 -1.705608e-08 -1.594953e-08 -1.658628e-08 -1.790188e-08 -1.637631e-08 -1.575523e-08 -1.661780e-08 -1.617471e-08 -1.732414e-08 -1.583216e-08 -1.612031e-08 -1.563122e-08 -1.511055e-08 -1.467028e-08 -1.641905e-08 -1.459139e-08 -1.396408e-08 -1.554067e-08 -1.338384e-08 -1.278896e-08 -1.261738e-08 -1.243111e-08 -1.227785e-08 -1.237031e-08 -1.168833e-08 -1.134051e-08 -1.194774e-08 -1.117800e-08 -9.906134e-09 -1.095164e-08 -1.047237e-08 -9.134602e-09 -8.250453e-09 -8.490043e-09 -8.889026e-09 -7.652919e-09 -6.374854e-09 -7.335041e-09 -6.714172e-09 -6.114170e-09 -6.770977e-09 -6.578745e-09 -6.398221e-09 -4.352122e-09 -4.481623e-09
-1.780464e-08 -1.897349e-08 -1.872951e-08 -1.695891e-08 -1.821005e-08 -1.714078e-08 -1.637010e-08 -1.806465e-08 -1.718939e-08 -1.626436e-08 -1.699803e-08 -1.630888e-08 -1.706972e-08 -1.521783e-08 -1.638554e-08 -1.695464e-08 -1.605318e-08 -1.627875e-08 -1.531903e-08 -1.458436e-08 -1.421033e-08 -1.433885e-08 -1.370205e-08 -1.352646e-08 -1.400078e-08 -1.284090e-08 -1.274194e-08 -1.169844e-08 -1.321892e-08 -1.184940e-08 -1.209017e-08 -1.142461e-08 -1.063612e-08 -1.165917e-08 -1.122178e-08 -1.040382e-08 -1.036275e-08 -9.682972e-09 -9.574916e-09 -8.868060e-09 -9.864924e-09 -9.349058e-09 -8.750868e-09 -7.291891e-09 -7.120286e-09 -6.589920e-09 -6.426383e-09 -6.529885e-09 -5.042602e-09 -5.221308e-09 -6.101839e-09
-1.744136e-08 -1.724065e-08 -1.743546e-08 -1.782972e-08 -1.684881e-08 -1.788175e-08 -1.622275e-08 -1.629268e-08 -1.781842e-08 -1.631070e-08 -1.664117e-08 -1.609144e-08 -1.671833e-08 -1.653797e-08 -1.558302e-08 -1.668043e-08 -1.513342e-08 -1.476566e-08 -1.539919e-08 -1.452440e-08 -1.465934e-08 -1.479985e-08 -1.370942e-08 -1.336115e-08 -1.387574e-08 -1.294770e-08 -1.476212e-08 -1.270112e-08 -1.159831e-08 -1.253285e-08 -1.252436e-08 -1.147858e-08 -1.050943e-08 -1.040580e-08 -1.083126e-08 -1.007150e-08 -9.525145e-09 -9.525404e-09 -8.321376e-09 -1.042394e-08 -7.628313e-09 -7.205285e-09 -8.563915e-09 -6.834387e-09 -7.411733e-09 -7.252607e-09 -4.320292e-09 -5.375760e-09 -4.782472e-09 -7.526334e-09 -4.238857e-09
-1.630097e-08 -1.798658e-08 -1.894127e-08 -1.675701e-08 -1.713001e-08 -1.761108e-08 -1.645772e-08 -1.647404e-08 -1.820642e-08 -1.739756e-08 -1.679155e-08 -1.627571e-08 -1.637078e-08 -1.618065e-08 -1.573073e-08 -1.595355e-08 -1.510400e-08 -1.472689e-08 -1.499688e-08 -1.494106e-08 -1.440206e-08 -1.450180e-08 -1.283186e-08 -1.446571e-08 -1.426831e-08 -1.343924e-08 -1.414874e-08 -1.291301e-08 -1.270853e-08 -1.305627e-08 -1.126698e-08 -1.298834e-08 -1.203244e-08 -1.094570e-08 -1.070239e-08 -1.019295e-08 -1.057605e-08 -1.004122e-08 -9.824173e-09 -9.527477e-09 -6.964387e-09 -7.818995e-09 -7.534996e-09 -7.728257e-09 -8.459176e-09 -6.192652e-09 -5.464780e-09 -5.581798e-09 -6.987614e-09 -6.504154e-09 -2.759595e-09
-1.794124e-08 -1.783611e-08 -1.688228e-08 -1.658723e-08 -1.730805e-08 -1.769727e-08 -1.672213e-08 -1.794955e-08 -1.781565e-08 -1.682869e-08 -1.707999e-08 -1.742521e-08 -1.549107e-08 -1.584655e-08 -1.664610e-08 -1.624307e-08 -1.536194e-08 -1.505970e-08 -1.567881e-08 -1.424188e-08 -1.569420e-08 -1.460020e-08 -1.413872e-08 -1.311087e-08 -1.416376e-08 -1.320801e-08 -1.283908e-08 -1.229539e-08 -1.346449e-08 -1.149431e-08 -1.102277e-08 -1.172716e-08 -1.178651e-08 -1.019317e-08 -1.003232e-08 -8.988672e-09 -9.374147e-09 -9.282082e-09 -1.007123e-08 -9.466326e-09 -8.991246e-09 -7.339306e-09 -8.743432e-09 -6.530042e-09 -7.052082e-09 -5.711180e-09 -4.756309e-09 -6.815958e-09 -3.423915e-09 -5.732856e-09 -3.938859e-09
-1.808849e-08 -1.797530e-08 -1.760221e-08 -1.696691e-08 -1.721732e-08 -1.777176e-08 -1.624746e-08 -1.668880e-08 -1.738905e-08 -1.614282e-08 -1.572588e-08 -1.619320e-08 -1.548276e-08 -1.561869e-08 -1.689651e-08 -1.606978e-08 -1.528449e-08 -1.491307e-08 -1.471561e-08 -1.463011e-08 -1.383016e-08 -1.435970e-08 -1.350911e-08 -1.460449e-08 -1.313572e-08 -1.286295e-08 -1.244859e-08 -1.212972e-08 -1.346670e-08 -1.199838e-08 -1.328344e-08 -1.220541e-08 -1.169016e-08 -1.029188e-08 -1.033308e-08 -9.265675e-09 -8.792618e-09 -8.562319e-09 -9.750530e-09 -8.506476e-09 -8.218707e-09 -8.210283e-09 -7.962213e-09 -6.641498e-09 -5.877823e-09 -5.254513e-09 -6.612822e-09 -5.703249e-09 -4.456514e-09 -7.443943e-09 -5.514782e-09
-1.715032e-08 -1.694053e-08 -1.679115e-08 -1.811636e-08 -1.648320e-08 -1.734235e-08 -1.687631e-08 -1.774954e-08 -1.837385e-08 -1.592763e-08 -1.700507e-08 -1.687407e-08 -1.605320e-08 -1.488436e-08 -1.646876e-08 -1.631135e-08 -1.587736e-08 -1.485348e-08 -1.503604e-08 -1.524809e-08 -1.406692e-08 -1.421977e-08 -1.370046e-08 -1.237772e-08 -1.290598e-08 -1.332463e-08 -1.452965e-08 -1.332650e-08 -1.335473e-08 -1.215574e-08 -1.189064e-08 -1.086476e-08 -1.210237e-08 -1.019526e-08 -1.026776e-08 -1.109985e-08 -9.877630e-09 -8.909733e-09 -8.678761e-09 -1.023899e-08 -8.403545e-09 -8.880654e-09 -6.990797e-09 -6.442611e-09 -6.319709e-09 -6.518286e-09 -5.033467e-09 -7.599820e-09 -4.583806e-09 -5.947961e-09 -4.728246e-09
-1.676923e-08 -1.689408e-08 -1.731351e-08 -1.681986e-08 -1.758140e-08 -1.644392e-08 -1.699808e-08 -1.576358e-08 -1.757187e-08 -1.616945e-08 -1.509723e-08 -1.499428e-08 -1.639212e-08 -1.453494e-08 -1.685911e-08 -1.587877e-08 -1.529193e-08 -1.500121e-08 -1.449277e-08 -1.392303e-08 -1.535575e-08 -1.362302e-08 -1.395103e-08 -1.361210e-08 -1.285046e-08 -1.356643e-08 -1.377370e-08 -1.191673e-08 -1.228778e-08 -1.128742e-08 -1.161241e-08 -1.050013e-08 -1.011371e-08 -1.174783e-08 -9.833841e-09 -1.031230e-08 -9.866223e-09 -8.718004e-09 -7.458095e-09 -9.142377e-09 -7.268179e-09 -6.964777e-09 -6.820534e-09 -6.970369e-09 -7.358931e-09 -5.360370e-09 -4.760729e-09 -4.962170e-09 -5.604889e-09 -5.249652e-09 -3.835953e-09
-1.751778e-08 -1.688374e-08 -1.576705e-08 -1.686085e-08 -1.731995e-08 -1.704216e-08 -1.559667e-08 -1.613173e-08 -1.595416e-08 -1.608043e-08 -1.588790e-08 -1.450345e-08 -1.509215e-08 -1.496711e-08 -1.592782e-08 -1.523305e-08 -1.472871e-08 -1.523437e-08 -1.435995e-08 -1.638194e-08 -1.402927e-08 -1.364025e-08 -1.366716e-08 -1.347644e-08 -1.367190e-08 -1.443333e-08 -1.310318e-08 -1.269014e-08 -1.187615e-08 -1.235260e-08 -1.038021e-08 -1.104026e-08 -1.079844e-08 -9.797946e-09 -1.009819e-08 -1.141813e-08 -7.667309e-09 -8.128650e-09 -7.884418e-09 -8.041099e-09 -7.944998e-09 -7.320425e-09 -7.576324e-09 -6.777463e-09 -7.202174e-09 -7.247808e-09 -5.608380e-09 -5.719956e-09 -6.913824e-09 -5.505456e-09 -5.314824e-09
-1.582157e-08 -1.696754e-08 -1.824267e-08 -1.562966e-08 -1.670934e-08 -1.761403e-08 -1.571052e-08 -1.690570e-08 -1.708510e-08 -1.728240e-08 -1.691852e-08 -1.484588e-08 -1.569651e-08 -1.604477e-08 -1.527621e-08 -1.512363e-08 -1.467979e-08 -1.410588e-08 -1.550837e-08 -1.417666e-08 -1.441061e-08 -1.395509e-08 -1.330285e-08 -1.420868e-08 -1.252901e-08 -1.351104e-08 -1.324369e-08 -1.136301e-08 -1.133915e-08 -1.122927e-08 -1.201607e-08 -1.117898e-08 -1.066683e-08 -8.886768e-09 -9.941392e-09 -9.785679e-09 -1.060792e-08 -8.737906e-09 -7.352656e-09 -8.738414e-09 -9.056246e-09 -7.576728e-09 -6.484861e-09 -5.988387e-09 -6.723508e-09 -4.454751e-09 -5.134820e-09 -6.793858e-09 -6.483564e-09 -3.443765e-09 -4.265406e-09
-1.570285e-08 -1.728645e-08 -1.754705e-08 -1.562168e-08 -1.745237e-08 -1.647976e-08 -1.663567e-08 -1.547018e-08 -1.594787e-08 -1.661555e-08 -1.565132e-08 -1.590520e-08 -1.575661e-08 -1.527650e-08 -1.569466e-08 -1.662861e-08 -1.581598e-08 -1.398510e-08 -1.396318e-08 -1.504424e-08 -1.452177e-08 -1.414545e-08 -1.360063e-08 -1.470182e-08 -1.397051e-08 -1.323378e-08 -1.220602e-08 -1.307456e-08 -1.299361e-08 -1.038547e-08 -1.060945e-08 -1.081992e-08 -1.152960e-08 -1.142137e-08 -1.159623e-08 -9.143097e-09 -8.738655e-09 -9.923696e-09 -9.552810e-09 -8.519653e-09 -7.304313e-09 -7.803234e-09 -7.147124e-09 -6.720688e-09 -6.241212e-09 -8.061702e-09 -7.052484e-09 -4.456802e-09 -4.623148e-09 -3.608635e-09 -4.481299e-09
-1.567956e-08 -1.752428e-08 -1.754956e-08 -1.596306e-08 -1.649108e-08 -1.735604e-08 -1.629662e-08 -1.633280e-08 -1.683628e-08 -1.578728e-08 -1.596143e-08 -1.693081e-08 -1.570903e-08 -1.662377e-08 -1.617921e-08 -1.666759e-08 -1.515080e-08 -1.559133e-08 -1.424541e-08 -1.459541e-08 -1.379477e-08 -1.426582e-08 -1.477400e-08 -1.434659e-08 -1.251769e-08 -1.234300e-08 -1.264036e-08 -1.135369e-08 -1.080897e-08 -1.113398e-08 -1.083793e-08 -1.156850e-08 -1.072243e-08 -1.043363e-08 -1.027465e-08 -9.742361e-09 -1.077351e-08 -9.272417e-09 -9.999152e-09 -8.985508e-09 -9.342639e-09 -7.492331e-09 -8.770872e-09 -6.748588e-09 -7.764080e-09 -5.982741e-09 -6.518452e-09 -4.914521e-09 -4.917485e-09 -6.287481e-09 -4.868519e-09
